0.0000000060
0.0000000222
0.0000000656
0.0000001553
0.0000002965
0.0000004660
0.0000006274
0.0000007773
0.0000009640
0.0000012340
0.0000015631
0.0000018713
0.0000021212
0.0000023774
0.0000027524
0.0000033061
0.0000040142
0.0000048348
0.0000057959
0.0000069911
0.0000084574
0.0000100716
0.0000116427
0.0000131336
0.0000147226
0.0000166328
0.0000190090
0.0000219862
0.0000257689
0.0000305172
0.0000363339
0.0000432719
0.0000512727
0.0000601989
0.0000701135
0.0000816012
0.0000956925
0.0001133228
0.0001349024
0.0001605695
0.0001908202
0.0002266585
0.0002690958
0.0003187150
0.0003758380
0.0004409944
0.0005151120
0.0005993792
0.0006951521
0.0008039702
0.0009273311
0.0010662698
0.0012214491
0.0013940391
0.0015863979
0.0018015016
0.0020418564
0.0023095268
0.0026070085
0.0029371003
0.0033016253
0.0037010549
0.0041334047
0.0045999254
0.0051052546
0.0056546736
0.0062496957
0.0068870547
0.0075625221
0.0082755632
0.0090307021
0.0098355496
0.0106981211
0.0116250783
0.0126200823
0.0136814025
0.0148011920
0.0159698957
0.0171835102
0.0184455791
0.0197605738
0.0211269447
0.0225401639
0.0240032093
0.0255304796
0.0271373953
0.0288249906
0.0305755604
0.0323647442
0.0341799226
0.0360283642
0.0379270337
0.0398842634
0.0418927312
0.0439376808
0.0460149493
0.0481362915
0.0503172913
0.0525625215
0.0548633440
0.0572084296
0.0595910531
0.0620048539
0.0644399089
0.0668914012
0.0693712402
0.0719027675
0.0744986159
0.0771454007
0.0798133576
0.0824813496
0.0851521838
0.0878454854
0.0905779964
0.0933497321
0.0961448560
0.0989434619
0.1017358476
0.1045303027
0.1073470152
0.1102019563
0.1130969107
0.1160231832
0.1189686715
0.1219231240
0.1248876825
0.1278807199
0.1309164265
0.1339856019
0.1370646562
0.1401394971
0.1432118000
0.1462840871
0.1493479428
0.1523924539
0.1554222021
0.1584590453
0.1615209269
0.1646027532
0.1676834417
0.1707500490
0.1738122876
0.1768963132
0.1800256557
0.1832016408
0.1863950146
0.1895566172
0.1926427922
0.1956401021
0.1985732600
0.2014877496
0.2044167622
0.2073624976
0.2103092997
0.2132447990
0.2161619469
0.2190541203
0.2219178045
0.2247457685
0.2275097434
0.2301732962
0.2327223126
0.2351796969
0.2375845541
0.2399587386
0.2422908733
0.2445544336
0.2467440378
0.2488844144
0.2509931252
0.2530425937
0.2549742286
0.2567524384
0.2583997649
0.2599789931
0.2615440993
0.2631082728
0.2646533915
0.2661613867
0.2676316084
0.2690709967
0.2704737078
0.2718155484
0.2730726980
0.2742450803
0.2753526589
0.2764032809
0.2773725765
0.2782259396
0.2789541613
0.2795767743
0.2801168472
0.2805910064
0.2810085516
0.2813784825
0.2817180204
0.2820573713
0.2824267306
0.2828297657
0.2832336346
0.2835906424
0.2838684505
0.2840601936
0.2841740016
0.2842183684
0.2841942047
0.2840993173
0.2839456463
0.2837719573
0.2836297644
0.2835498524
0.2835243410
0.2835230168
0.2835240291
0.2835258724
0.2835312815
0.2835273254
0.2834897499
0.2834050653
0.2832785826
0.2831166167
0.2829068881
0.2826280703
0.2822884763
0.2819556452
0.2817192377
0.2816187874
0.2816172486
0.2816421832
0.2816560928
0.2816877993
0.2817957206
0.2820018783
0.2822628597
0.2825034334
0.2826779360
0.2828048758
0.2829507833
0.2831837107
0.2835350309
0.2839920849
0.2845181761
0.2850816885
0.2856726213
0.2862936932
0.2869384102
0.2875871789
0.2882325810
0.2889037448
0.2896524031
0.2905059584
0.2914393802
0.2924055885
0.2933915082
0.2944299555
0.2955574665
0.2967740200
0.2980385839
0.2993058178
0.3005561229
0.3017971041
0.3030519747
0.3043468597
0.3056948255
0.3070817930
0.3084713911
0.3098285527
0.3111417417
0.3124283525
0.3137204234
0.3150371650
0.3163647177
0.3176675208
0.3189272827
0.3201686940
0.3214377879
0.3227526754
0.3240840334
0.3253897335
0.3266577305
0.3278980860
0.3290961860
0.3301969228
0.3311484054
0.3319558819
0.3326856940
0.3334128576
0.3341622688
0.3349022093
0.3355894804
0.3362158659
0.3367938854
0.3373261840
0.3377933085
0.3381627026
0.3384097254
0.3385401452
0.3385950216
0.3386248208
0.3386508350
0.3386496124
0.3385738754
0.3383880560
0.3380861930
0.3376824888
0.3371929194
0.3366262099
0.3359807636
0.3352396462
0.3343733451
0.3333602121
0.3322073850
0.3309457011
0.3296029290
0.3281868130
0.3266940484
0.3251280373
0.3235009244
0.3218196505
0.3200791684
0.3182727844
0.3163970199
0.3144407048
0.3123874337
0.3102272182
0.3079655021
0.3056157342
0.3031890922
0.3006876050
0.2981015041
0.2954123617
0.2926026532
0.2896698489
0.2866398810
0.2835680435
0.2805147744
0.2775071567
0.2745218987
0.2715073236
0.2684190916
0.2652385688
0.2619738635
0.2586555203
0.2553216983
0.2519882634
0.2486288043
0.2451961757
0.2416729518
0.2380969759
0.2345318032
0.2310152133
0.2275418564
0.2240907843
0.2206538360
0.2172264836
0.2137809762
0.2102786455
0.2067105684
0.2031147534
0.1995456233
0.1960297645
0.1925529610
0.1890811535
0.1855876297
0.1820691790
0.1785479498
0.1750564800
0.1716140039
0.1682168588
0.1648523538
0.1615164385
0.1582147881
0.1549516976
0.1517222729
0.1485138739
0.1453139602
0.1421183970
0.1389325988
0.1357635262
0.1326115750
0.1294730335
0.1263522002
0.1232698960
0.1202552238
0.1173233899
0.1144601608
0.1116294834
0.1087977130
0.1059570670
0.1031232611
0.1003128573
0.0975266144
0.0947545055
0.0919903750
0.0892398115
0.0865208510
0.0838573634
0.0812626019
0.0787271799
0.0762297425
0.0737595391
0.0713226262
0.0689278578
0.0665755809
0.0642621846
0.0619885926
0.0597582425
0.0575683092
0.0554079855
0.0532670202
0.0511437129
0.0490448356
0.0469834017
0.0449793302
0.0430552350
0.0412226243
0.0394710433
0.0377734903
0.0361035914
0.0344497161
0.0328167144
0.0312175493
0.0296654557
0.0281694267
0.0267335109
0.0253588627
0.0240458765
0.0227931301
0.0215942471
0.0204378604
0.0193130249
0.0182157949
0.0171504689
0.0161246325
0.0151440576
0.0142123273
0.0133327479
0.0125076480
0.0117354060
0.0110098012
0.0103232372
0.0096700015
0.0090462015
0.0084480727
0.0078715920
0.0073134573
0.0067730875
0.0062551924
0.0057691435
0.0053225301
0.0049142967
0.0045355744
0.0041784237
0.0038408187
0.0035255777
0.0032338210
0.0029633310
0.0027112428
0.0024760700
0.0022569881
0.0020526336
0.0018613826
0.0016822118
0.0015148353
0.0013593999
0.0012162892
0.0010859127
0.0009683805
0.0008631340
0.0007685835
0.0006822162
0.0006016723
0.0005260918
0.0004563003
0.0003936834
0.0003390668
0.0002924449
0.0002531708
0.0002201696
0.0001922245
0.0001681805
0.0001468160
0.0001268280
0.0001074401
0.0000890130
0.0000726822
0.0000591332
0.0000482878
0.0000396049
0.0000324891
0.0000265035
0.0000214740
0.0000174430
0.0000144187
0.0000121605
0.0000102695
0.0000084639
0.0000067169
0.0000051580
0.0000039018
0.0000029701
0.0000023143
0.0000018598
0.0000015254
0.0000012329
0.0000009325
0.0000006277
0.0000003620
0.0000001745
0.0000000692
0.0000000224
0.0000000058
