0.000000
0.000000
0.000000
0.000000
0.000000
0.000001
0.000001
0.000002
0.000002
0.000003
0.000004
0.000005
0.000006
0.000008
0.000009
0.000011
0.000012
0.000014
0.000017
0.000019
0.000023
0.000026
0.000030
0.000034
0.000038
0.000043
0.000049
0.000056
0.000065
0.000077
0.000091
0.000107
0.000125
0.000146
0.000168
0.000192
0.000219
0.000250
0.000285
0.000327
0.000375
0.000431
0.000497
0.000574
0.000662
0.000762
0.000873
0.000996
0.001134
0.001286
0.001456
0.001644
0.001853
0.002083
0.002337
0.002620
0.002934
0.003281
0.003663
0.004083
0.004544
0.005044
0.005581
0.006154
0.006769
0.007430
0.008139
0.008891
0.009685
0.010521
0.011404
0.012341
0.013341
0.014408
0.015546
0.016750
0.018014
0.019327
0.020685
0.022089
0.023544
0.025045
0.026585
0.028167
0.029806
0.031519
0.033312
0.035168
0.037069
0.039003
0.040977
0.043008
0.045101
0.047245
0.049421
0.051620
0.053851
0.056130
0.058461
0.060840
0.063256
0.065708
0.068192
0.070700
0.073227
0.075782
0.078388
0.081057
0.083772
0.086505
0.089233
0.091957
0.094697
0.097470
0.100276
0.103103
0.105932
0.108757
0.111589
0.114449
0.117351
0.120292
0.123256
0.126226
0.129186
0.132134
0.135090
0.138071
0.141075
0.144085
0.147095
0.150111
0.153139
0.156169
0.159184
0.162183
0.165179
0.168185
0.171193
0.174185
0.177155
0.180121
0.183120
0.186180
0.189303
0.192456
0.195584
0.198634
0.201586
0.204456
0.207288
0.210115
0.212944
0.215765
0.218573
0.221365
0.224135
0.226877
0.229580
0.232212
0.234735
0.237139
0.239452
0.241716
0.243954
0.246153
0.248285
0.250341
0.252346
0.254319
0.256235
0.258037
0.259691
0.261220
0.262684
0.264136
0.265591
0.267033
0.268447
0.269836
0.271208
0.272558
0.273858
0.275079
0.276217
0.277289
0.278303
0.279237
0.280062
0.280772
0.281390
0.281939
0.282433
0.282880
0.283284
0.283664
0.284051
0.284480
0.284958
0.285455
0.285917
0.286303
0.286595
0.286790
0.286889
0.286892
0.286801
0.286635
0.286441
0.286277
0.286179
0.286140
0.286129
0.286121
0.286112
0.286104
0.286086
0.286034
0.285935
0.285795
0.285622
0.285408
0.285139
0.284830
0.284550
0.284383
0.284359
0.284427
0.284505
0.284551
0.284599
0.284722
0.284957
0.285273
0.285601
0.285892
0.286155
0.286445
0.286820
0.287310
0.287905
0.288576
0.289296
0.290061
0.290872
0.291721
0.292581
0.293439
0.294317
0.295261
0.296296
0.297393
0.298505
0.299619
0.300766
0.301987
0.303284
0.304620
0.305957
0.307279
0.308597
0.309934
0.311312
0.312740
0.314197
0.315642
0.317037
0.318371
0.319660
0.320937
0.322217
0.323484
0.324701
0.325848
0.326959
0.328090
0.329277
0.330504
0.331737
0.332967
0.334198
0.335407
0.336528
0.337499
0.338313
0.339028
0.339709
0.340375
0.340993
0.341525
0.341973
0.342363
0.342711
0.343008
0.343226
0.343337
0.343338
0.343262
0.343152
0.343027
0.342864
0.342615
0.342246
0.341750
0.341141
0.340436
0.339646
0.338775
0.337817
0.336750
0.335564
0.334270
0.332899
0.331473
0.329994
0.328456
0.326865
0.325242
0.323603
0.321949
0.320269
0.318550
0.316765
0.314885
0.312888
0.310776
0.308560
0.306254
0.303863
0.301378
0.298778
0.296047
0.293187
0.290232
0.287251
0.284312
0.281446
0.278626
0.275793
0.272895
0.269907
0.266833
0.263701
0.260549
0.257390
0.254195
0.250917
0.247544
0.244121
0.240722
0.237394
0.234135
0.230922
0.227740
0.224572
0.221380
0.218119
0.214781
0.211407
0.208058
0.204767
0.201520
0.198282
0.195022
0.191732
0.188428
0.185141
0.181889
0.178672
0.175479
0.172308
0.169162
0.166043
0.162945
0.159852
0.156753
0.153647
0.150541
0.147443
0.144353
0.141264
0.138178
0.135117
0.132111
0.129180
0.126314
0.123482
0.120648
0.117802
0.114954
0.112119
0.109296
0.106477
0.103658
0.100845
0.098055
0.095311
0.092626
0.089989
0.087379
0.084787
0.082220
0.079688
0.077192
0.074730
0.072302
0.069913
0.067560
0.065235
0.062927
0.060636
0.058370
0.056139
0.053963
0.051862
0.049845
0.047902
0.046008
0.044138
0.042285
0.040455
0.038661
0.036916
0.035228
0.033601
0.032035
0.030531
0.029088
0.027700
0.026355
0.025042
0.023756
0.022501
0.021283
0.020111
0.018987
0.017916
0.016901
0.015943
0.015036
0.014176
0.013356
0.012574
0.011822
0.011095
0.010386
0.009694
0.009022
0.008383
0.007785
0.007230
0.006711
0.006221
0.005759
0.005326
0.004923
0.004547
0.004195
0.003864
0.003554
0.003264
0.002991
0.002735
0.002495
0.002270
0.002062
0.001869
0.001693
0.001532
0.001386
0.001250
0.001122
0.001002
0.000890
0.000787
0.000694
0.000613
0.000541
0.000477
0.000421
0.000371
0.000326
0.000285
0.000246
0.000209
0.000177
0.000149
0.000125
0.000105
0.000087
0.000071
0.000058
0.000047
0.000038
0.000031
0.000025
0.000020
0.000016
0.000012
0.000009
0.000007
0.000005
0.000004
0.000003
0.000002
0.000001
0.000001
0.000001
0.000000
0.000000
0.000000
0.000000
