-0.000000
-0.000000
0.000000
0.000000
0.000000
0.000000
0.000000
-0.000000
-0.000000
-0.000001
-0.000001
-0.000002
-0.000002
-0.000003
-0.000004
-0.000004
-0.000004
-0.000005
-0.000005
-0.000005
-0.000006
-0.000006
-0.000007
-0.000008
-0.000009
-0.000010
-0.000011
-0.000012
-0.000014
-0.000016
-0.000018
-0.000020
-0.000023
-0.000025
-0.000028
-0.000029
-0.000027
-0.000023
-0.000016
-0.000005
0.000007
0.000022
0.000041
0.000063
0.000089
0.000120
0.000157
0.000202
0.000257
0.000322
0.000399
0.000488
0.000590
0.000705
0.000835
0.000983
0.001150
0.001338
0.001551
0.001791
0.002059
0.002358
0.002686
0.003045
0.003441
0.003879
0.004361
0.004883
0.005440
0.006030
0.006658
0.007330
0.008056
0.008842
0.009695
0.010612
0.011588
0.012612
0.013682
0.014802
0.015977
0.017209
0.018495
0.019839
0.021255
0.022755
0.024338
0.025983
0.027660
0.029357
0.031080
0.032846
0.034667
0.036540
0.038455
0.040410
0.042421
0.044505
0.046664
0.048887
0.051161
0.053474
0.055818
0.058180
0.060556
0.062960
0.065417
0.067941
0.070518
0.073122
0.075730
0.078348
0.080994
0.083686
0.086423
0.089187
0.091955
0.094715
0.097471
0.100245
0.103053
0.105902
0.108790
0.111711
0.114661
0.117641
0.120672
0.123761
0.126896
0.130044
0.133184
0.136312
0.139429
0.142527
0.145601
0.148662
0.151739
0.154857
0.158012
0.161182
0.164345
0.167503
0.170673
0.173872
0.177101
0.180334
0.183529
0.186651
0.189695
0.192691
0.195688
0.198719
0.201781
0.204853
0.207916
0.210959
0.213973
0.216959
0.219912
0.222808
0.225611
0.228305
0.230907
0.233453
0.235963
0.238428
0.240824
0.243147
0.245423
0.247667
0.249850
0.251912
0.253814
0.255580
0.257274
0.258952
0.260626
0.262274
0.263876
0.265428
0.266934
0.268389
0.269773
0.271066
0.272273
0.273417
0.274504
0.275508
0.276390
0.277137
0.277764
0.278295
0.278749
0.279138
0.279473
0.279772
0.280064
0.280374
0.280701
0.281012
0.281264
0.281434
0.281525
0.281558
0.281548
0.281496
0.281397
0.281256
0.281103
0.280983
0.280921
0.280909
0.280917
0.280927
0.280940
0.280959
0.280969
0.280946
0.280875
0.280762
0.280611
0.280406
0.280117
0.279747
0.279362
0.279055
0.278879
0.278807
0.278780
0.278762
0.278776
0.278869
0.279047
0.279252
0.279405
0.279463
0.279454
0.279457
0.279547
0.279760
0.280079
0.280461
0.280867
0.281285
0.281715
0.282156
0.282593
0.283026
0.283491
0.284044
0.284716
0.285486
0.286306
0.287164
0.288093
0.289128
0.290264
0.291457
0.292655
0.293833
0.294997
0.296170
0.297382
0.298650
0.299967
0.301301
0.302620
0.303912
0.305196
0.306504
0.307857
0.309245
0.310635
0.312006
0.313378
0.314785
0.316228
0.317664
0.319042
0.320349
0.321598
0.322786
0.323866
0.324798
0.325599
0.326343
0.327117
0.327949
0.328811
0.329654
0.330459
0.331225
0.331941
0.332578
0.333099
0.333482
0.333742
0.333928
0.334098
0.334275
0.334436
0.334533
0.334530
0.334423
0.334224
0.333950
0.333607
0.333186
0.332663
0.331996
0.331156
0.330145
0.328993
0.327733
0.326380
0.324932
0.323391
0.321760
0.320036
0.318209
0.316276
0.314244
0.312116
0.309890
0.307566
0.305155
0.302671
0.300124
0.297512
0.294825
0.292046
0.289158
0.286153
0.283048
0.279886
0.276718
0.273569
0.270418
0.267222
0.263943
0.260571
0.257115
0.253610
0.250094
0.246587
0.243063
0.239475
0.235802
0.232073
0.228341
0.224637
0.220949
0.217259
0.213567
0.209881
0.206182
0.202438
0.198641
0.194823
0.191033
0.187293
0.183586
0.179880
0.176153
0.172407
0.168668
0.164972
0.161339
0.157762
0.154226
0.150725
0.147268
0.143860
0.140500
0.137176
0.133874
0.130590
0.127324
0.124084
0.120870
0.117682
0.114526
0.111423
0.108400
0.105467
0.102606
0.099777
0.096947
0.094112
0.091292
0.088507
0.085757
0.083032
0.080323
0.077635
0.074987
0.072404
0.069899
0.067466
0.065080
0.062732
0.060425
0.058168
0.055959
0.053794
0.051675
0.049604
0.047576
0.045581
0.043607
0.041651
0.039720
0.037828
0.035996
0.034249
0.032601
0.031040
0.029539
0.028069
0.026614
0.025178
0.023774
0.022415
0.021111
0.019866
0.018683
0.017561
0.016498
0.015488
0.014520
0.013584
0.012675
0.011800
0.010966
0.010177
0.009438
0.008750
0.008114
0.007528
0.006983
0.006471
0.005984
0.005519
0.005074
0.004648
0.004241
0.003852
0.003488
0.003156
0.002861
0.002599
0.002360
0.002136
0.001923
0.001725
0.001544
0.001379
0.001228
0.001088
0.000960
0.000842
0.000731
0.000629
0.000534
0.000448
0.000371
0.000303
0.000244
0.000194
0.000152
0.000115
0.000081
0.000050
0.000023
0.000001
-0.000016
-0.000028
-0.000034
-0.000037
-0.000037
-0.000035
-0.000033
-0.000031
-0.000031
-0.000031
-0.000032
-0.000031
-0.000029
-0.000025
-0.000022
-0.000018
-0.000015
-0.000012
-0.000009
-0.000006
-0.000004
-0.000003
-0.000002
-0.000002
-0.000001
-0.000001
-0.000001
-0.000000
0.000000
0.000000
0.000000
0.000000
0.000000
0.000000
0.000000
0.000000
-0.000000
