0.4518382441
0.4653246462
0.4788110484
0.4922974506
0.5057838528
0.5192702550
0.5327566572
0.5462430594
0.5597294615
0.5732158637
0.5867022659
0.6001886681
0.6136750703
0.6271614725
0.6406478746
0.6541342768
0.6676206790
0.6811070812
0.6945934834
0.7080798856
0.7215662878
0.7350526899
0.7485390921
0.7620254943
0.7755118965
0.7889982987
0.8024847009
0.8159711030
0.8294575052
0.8429439074
0.8564303096
0.8699167118
0.8834031140
0.8968895162
0.9103759183
0.9238623205
0.9373487227
0.9508351249
0.9643215271
0.9778079293
0.9912943314
1.0047807336
1.0182671358
1.0317535380
1.0452399402
1.0587263424
1.0722127446
1.0856991467
1.0991855489
1.1126719511
1.1261583533
1.1396447555
1.1531311577
1.1666175598
1.1801039620
1.1935903642
1.2070767664
1.2205631686
1.2340495708
1.2475359730
1.2610223751
1.2745087773
1.2879951795
1.3014815817
1.3149679839
1.3284543861
1.3419407882
1.3554271904
1.3689135926
1.3823999948
1.3958863970
1.4093727992
1.4228592014
1.4363456035
1.4498320057
1.4633184079
1.4768048101
1.4902912123
1.5037776145
1.5172640166
1.5307504188
1.5442368210
1.5577232232
1.5712096254
1.5846960276
1.5981824298
1.6116688319
1.6251552341
1.6386416363
1.6521280385
1.6656144407
1.6791008429
1.6925872450
1.7060736472
1.7195600494
1.7330464516
1.7465328538
1.7600192560
1.7735056582
1.7869920603
1.8004784625
1.8139648647
1.8274512669
1.8409376691
1.8544240713
1.8679104734
1.8813968756
1.8948832778
1.9083696800
1.9218560822
1.9353424844
1.9488288866
1.9623152887
1.9758016909
1.9892880931
2.0027744953
2.0162608975
2.0297472997
2.0432337018
2.0567201040
2.0702065062
2.0836929084
2.0971793106
2.1106657128
2.1241521150
2.1376385171
2.1511249193
2.1646113215
2.1780977237
2.1915841259
2.2050705281
2.2185569302
2.2320433324
2.2455297346
2.2590161368
2.2725025390
2.2859889412
2.2994753434
2.3129617455
2.3264481477
2.3399345499
2.3534209521
2.3669073543
2.3803937565
2.3938801586
2.4073665608
2.4208529630
2.4343393652
2.4478257674
2.4613121696
2.4747985718
2.4882849739
2.5017713761
2.5152577783
2.5287441805
2.5422305827
2.5557169849
2.5692033870
2.5826897892
2.5961761914
2.6096625936
2.6231489958
2.6366353980
2.6501218002
2.6636082023
2.6770946045
2.6905810067
2.7040674089
2.7175538111
2.7310402133
2.7445266154
2.7580130176
2.7714994198
2.7849858220
2.7984722242
2.8119586264
2.8254450286
2.8389314307
2.8524178329
2.8659042351
2.8793906373
2.8928770395
2.9063634417
2.9198498438
2.9333362460
2.9468226482
2.9603090504
2.9737954526
2.9872818548
3.0007682570
3.0142546591
3.0277410613
3.0412274635
3.0547138657
3.0682002679
3.0816866701
3.0951730722
3.1086594744
3.1221458766
3.1356322788
3.1491186810
3.1626050832
3.1760914854
3.1895778875
3.2030642897
3.2165506919
3.2300370941
3.2435234963
3.2570098985
3.2704963006
3.2839827028
3.2974691050
3.3109555072
3.3244419094
3.3379283116
3.3514147138
3.3649011159
3.3783875181
3.3918739203
3.4053603225
3.4188467247
3.4323331269
3.4458195290
3.4593059312
3.4727923334
3.4862787356
3.4997651378
3.5132515400
3.5267379422
3.5402243443
3.5537107465
3.5671971487
3.5806835509
3.5941699531
3.6076563553
3.6211427574
3.6346291596
3.6481155618
3.6616019640
3.6750883662
3.6885747684
3.7020611706
3.7155475727
3.7290339749
3.7425203771
3.7560067793
3.7694931815
3.7829795837
3.7964659858
3.8099523880
3.8234387902
3.8369251924
3.8504115946
3.8638979968
3.8773843990
3.8908708011
3.9043572033
3.9178436055
3.9313300077
3.9448164099
3.9583028121
3.9717892142
3.9852756164
3.9987620186
4.0122484208
4.0257348230
4.0392212252
4.0527076274
4.0661940295
4.0796804317
4.0931668339
4.1066532361
4.1201396383
4.1336260405
4.1471124426
4.1605988448
4.1740852470
4.1875716492
4.2010580514
4.2145444536
4.2280308558
4.2415172579
4.2550036601
4.2684900623
4.2819764645
4.2954628667
4.3089492689
4.3224356710
4.3359220732
4.3494084754
4.3628948776
4.3763812798
4.3898676820
4.4033540841
4.4168404863
4.4303268885
4.4438132907
4.4572996929
4.4707860951
4.4842724973
4.4977588994
4.5112453016
4.5247317038
4.5382181060
4.5517045082
4.5651909104
4.5786773125
4.5921637147
4.6056501169
4.6191365191
4.6326229213
4.6461093235
4.6595957257
4.6730821278
4.6865685300
4.7000549322
4.7135413344
4.7270277366
4.7405141388
4.7540005409
4.7674869431
4.7809733453
4.7944597475
4.8079461497
4.8214325519
4.8349189541
4.8484053562
4.8618917584
4.8753781606
4.8888645628
4.9023509650
4.9158373672
4.9293237693
4.9428101715
4.9562965737
4.9697829759
4.9832693781
4.9967557803
5.0102421825
5.0237285846
5.0372149868
5.0507013890
5.0641877912
5.0776741934
5.0911605956
5.1046469977
5.1181333999
5.1316198021
5.1451062043
5.1585926065
5.1720790087
5.1855654109
5.1990518130
5.2125382152
5.2260246174
5.2395110196
5.2529974218
5.2664838240
5.2799702261
5.2934566283
5.3069430305
5.3204294327
5.3339158349
5.3474022371
5.3608886393
5.3743750414
5.3878614436
5.4013478458
5.4148342480
5.4283206502
5.4418070524
5.4552934545
5.4687798567
5.4822662589
5.4957526611
5.5092390633
5.5227254655
5.5362118677
5.5496982698
5.5631846720
5.5766710742
5.5901574764
5.6036438786
5.6171302808
5.6306166829
5.6441030851
5.6575894873
5.6710758895
5.6845622917
5.6980486939
5.7115350961
5.7250214982
5.7385079004
5.7519943026
5.7654807048
5.7789671070
5.7924535092
5.8059399113
5.8194263135
5.8329127157
5.8463991179
5.8598855201
5.8733719223
5.8868583245
5.9003447266
5.9138311288
5.9273175310
5.9408039332
5.9542903354
5.9677767376
5.9812631397
5.9947495419
6.0082359441
6.0217223463
6.0352087485
6.0486951507
6.0621815529
6.0756679550
6.0891543572
6.1026407594
6.1161271616
6.1296135638
6.1430999660
6.1565863681
6.1700727703
6.1835591725
6.1970455747
6.2105319769
6.2240183791
6.2375047813
6.2509911834
6.2644775856
6.2779639878
6.2914503900
6.3049367922
6.3184231944
6.3319095965
6.3453959987
6.3588824009
6.3723688031
6.3858552053
6.3993416075
6.4128280097
6.4263144118
6.4398008140
6.4532872162
6.4667736184
6.4802600206
6.4937464228
6.5072328249
6.5207192271
6.5342056293
6.5476920315
6.5611784337
6.5746648359
6.5881512381
6.6016376402
6.6151240424
6.6286104446
6.6420968468
6.6555832490
6.6690696512
6.6825560533
6.6960424555
6.7095288577
6.7230152599
6.7365016621
6.7499880643
6.7634744665
6.7769608686
6.7904472708
6.8039336730
6.8174200752
6.8309064774
6.8443928796
6.8578792817
6.8713656839
6.8848520861
6.8983384883
6.9118248905
6.9253112927
6.9387976949
6.9522840970
6.9657704992
6.9792569014
6.9927433036
7.0062297058
7.0197161080
7.0332025101
7.0466889123
7.0601753145
7.0736617167
7.0871481189
7.1006345211
7.1141209233
7.1276073254
7.1410937276
7.1545801298
7.1680665320
7.1815529342
7.1950393364
7.2085257385
7.2220121407
7.2354985429
7.2489849451
7.2624713473
7.2759577495
7.2894441517
7.3029305538
7.3164169560
7.3299033582
7.3433897604
