0.000000
0.000000
0.000000
0.000000
0.000000
0.000001
0.000001
0.000001
0.000001
0.000002
0.000002
0.000003
0.000004
0.000005
0.000006
0.000007
0.000008
0.000009
0.000011
0.000012
0.000015
0.000017
0.000021
0.000025
0.000029
0.000033
0.000037
0.000042
0.000047
0.000053
0.000061
0.000069
0.000078
0.000090
0.000103
0.000120
0.000139
0.000160
0.000185
0.000214
0.000249
0.000291
0.000342
0.000400
0.000465
0.000536
0.000616
0.000707
0.000812
0.000931
0.001065
0.001213
0.001376
0.001557
0.001757
0.001981
0.002228
0.002499
0.002793
0.003113
0.003459
0.003834
0.004235
0.004662
0.005112
0.005585
0.006082
0.006608
0.007175
0.007790
0.008451
0.009150
0.009876
0.010628
0.011410
0.012228
0.013089
0.013992
0.014936
0.015918
0.016936
0.017987
0.019068
0.020180
0.021326
0.022506
0.023713
0.024931
0.026150
0.027373
0.028614
0.029892
0.031216
0.032587
0.034003
0.035465
0.036972
0.038517
0.040088
0.041673
0.043267
0.044870
0.046482
0.048091
0.049685
0.051254
0.052806
0.054359
0.055934
0.057538
0.059172
0.060832
0.062514
0.064216
0.065937
0.067678
0.069445
0.071242
0.073068
0.074914
0.076767
0.078616
0.080454
0.082279
0.084094
0.085914
0.087755
0.089625
0.091531
0.093473
0.095454
0.097475
0.099538
0.101636
0.103750
0.105848
0.107903
0.109912
0.111890
0.113862
0.115851
0.117865
0.119903
0.121953
0.124002
0.126050
0.128104
0.130171
0.132235
0.134273
0.136271
0.138230
0.140164
0.142089
0.144019
0.145950
0.147860
0.149716
0.151491
0.153173
0.154768
0.156310
0.157844
0.159399
0.160958
0.162476
0.163923
0.165304
0.166652
0.167996
0.169343
0.170695
0.172048
0.173388
0.174682
0.175885
0.176970
0.177938
0.178816
0.179648
0.180480
0.181355
0.182286
0.183244
0.184172
0.185018
0.185769
0.186444
0.187075
0.187681
0.188271
0.188845
0.189416
0.190008
0.190650
0.191337
0.192026
0.192658
0.193205
0.193691
0.194178
0.194734
0.195398
0.196166
0.196998
0.197852
0.198715
0.199595
0.200498
0.201409
0.202302
0.203172
0.204034
0.204916
0.205836
0.206804
0.207823
0.208896
0.210012
0.211156
0.212313
0.213480
0.214668
0.215887
0.217136
0.218394
0.219651
0.220928
0.222274
0.223721
0.225262
0.226862
0.228488
0.230127
0.231773
0.233423
0.235077
0.236754
0.238487
0.240303
0.242208
0.244181
0.246183
0.248185
0.250170
0.252137
0.254086
0.256029
0.257986
0.259982
0.262026
0.264101
0.266178
0.268244
0.270308
0.272375
0.274439
0.276508
0.278626
0.280830
0.283100
0.285377
0.287615
0.289805
0.291959
0.294088
0.296203
0.298329
0.300501
0.302749
0.305078
0.307460
0.309837
0.312145
0.314352
0.316477
0.318579
0.320713
0.322900
0.325120
0.327338
0.329518
0.331649
0.333756
0.335882
0.338045
0.340212
0.342334
0.344388
0.346373
0.348271
0.350055
0.351728
0.353325
0.354874
0.356388
0.357877
0.359356
0.360832
0.362292
0.363722
0.365115
0.366458
0.367718
0.368840
0.369777
0.370539
0.371195
0.371819
0.372429
0.372984
0.373441
0.373800
0.374096
0.374369
0.374610
0.374759
0.374745
0.374549
0.374217
0.373811
0.373344
0.372795
0.372143
0.371400
0.370612
0.369833
0.369095
0.368393
0.367708
0.367022
0.366317
0.365570
0.364738
0.363772
0.362637
0.361338
0.359924
0.358473
0.357050
0.355679
0.354337
0.352975
0.351530
0.349946
0.348194
0.346279
0.344240
0.342132
0.340011
0.337922
0.335879
0.333856
0.331799
0.329661
0.327413
0.325033
0.322501
0.319818
0.317020
0.314154
0.311258
0.308349
0.305431
0.302499
0.299528
0.296475
0.293310
0.290031
0.286661
0.283225
0.279720
0.276121
0.272416
0.268626
0.264791
0.260929
0.257012
0.252987
0.248838
0.244599
0.240325
0.236033
0.231693
0.227259
0.222710
0.218061
0.213348
0.208611
0.203872
0.199138
0.194406
0.189670
0.184923
0.180156
0.175364
0.170556
0.165755
0.160987
0.156259
0.151568
0.146902
0.142264
0.137669
0.133129
0.128647
0.124212
0.119820
0.115479
0.111206
0.107010
0.102895
0.098863
0.094910
0.091028
0.087209
0.083465
0.079819
0.076289
0.072874
0.069564
0.066350
0.063220
0.060166
0.057181
0.054266
0.051428
0.048675
0.046020
0.043477
0.041057
0.038763
0.036582
0.034496
0.032488
0.030554
0.028693
0.026906
0.025191
0.023554
0.022003
0.020544
0.019174
0.017884
0.016665
0.015511
0.014417
0.013382
0.012404
0.011484
0.010626
0.009822
0.009064
0.008345
0.007663
0.007019
0.006415
0.005852
0.005330
0.004844
0.004394
0.003976
0.003588
0.003229
0.002898
0.002595
0.002318
0.002066
0.001839
0.001634
0.001451
0.001288
0.001145
0.001018
0.000904
0.000801
0.000706
0.000619
0.000541
0.000472
0.000411
0.000358
0.000311
0.000268
0.000229
0.000194
0.000164
0.000138
0.000116
0.000097
0.000080
0.000065
0.000052
0.000041
0.000031
0.000024
0.000019
0.000014
0.000011
0.000008
0.000006
0.000004
0.000003
0.000002
0.000002
0.000001
0.000001
0.000001
0.000000
0.000000
0.000000
0.000000
