0.4654686153
0.4793760615
0.4932835077
0.5071909539
0.5210984001
0.5350058463
0.5489132925
0.5628207387
0.5767281849
0.5906356311
0.6045430773
0.6184505235
0.6323579697
0.6462654160
0.6601728622
0.6740803084
0.6879877546
0.7018952008
0.7158026470
0.7297100932
0.7436175394
0.7575249856
0.7714324318
0.7853398780
0.7992473242
0.8131547704
0.8270622166
0.8409696628
0.8548771090
0.8687845552
0.8826920014
0.8965994476
0.9105068938
0.9244143400
0.9383217862
0.9522292324
0.9661366786
0.9800441248
0.9939515710
1.0078590172
1.0217664634
1.0356739096
1.0495813558
1.0634888021
1.0773962483
1.0913036945
1.1052111407
1.1191185869
1.1330260331
1.1469334793
1.1608409255
1.1747483717
1.1886558179
1.2025632641
1.2164707103
1.2303781565
1.2442856027
1.2581930489
1.2721004951
1.2860079413
1.2999153875
1.3138228337
1.3277302799
1.3416377261
1.3555451723
1.3694526185
1.3833600647
1.3972675109
1.4111749571
1.4250824033
1.4389898495
1.4528972957
1.4668047419
1.4807121882
1.4946196344
1.5085270806
1.5224345268
1.5363419730
1.5502494192
1.5641568654
1.5780643116
1.5919717578
1.6058792040
1.6197866502
1.6336940964
1.6476015426
1.6615089888
1.6754164350
1.6893238812
1.7032313274
1.7171387736
1.7310462198
1.7449536660
1.7588611122
1.7727685584
1.7866760046
1.8005834508
1.8144908970
1.8283983432
1.8423057894
1.8562132356
1.8701206818
1.8840281280
1.8979355743
1.9118430205
1.9257504667
1.9396579129
1.9535653591
1.9674728053
1.9813802515
1.9952876977
2.0091951439
2.0231025901
2.0370100363
2.0509174825
2.0648249287
2.0787323749
2.0926398211
2.1065472673
2.1204547135
2.1343621597
2.1482696059
2.1621770521
2.1760844983
2.1899919445
2.2038993907
2.2178068369
2.2317142831
2.2456217293
2.2595291755
2.2734366217
2.2873440679
2.3012515141
2.3151589604
2.3290664066
2.3429738528
2.3568812990
2.3707887452
2.3846961914
2.3986036376
2.4125110838
2.4264185300
2.4403259762
2.4542334224
2.4681408686
2.4820483148
2.4959557610
2.5098632072
2.5237706534
2.5376780996
2.5515855458
2.5654929920
2.5794004382
2.5933078844
2.6072153306
2.6211227768
2.6350302230
2.6489376692
2.6628451154
2.6767525616
2.6906600078
2.7045674540
2.7184749002
2.7323823465
2.7462897927
2.7601972389
2.7741046851
2.7880121313
2.8019195775
2.8158270237
2.8297344699
2.8436419161
2.8575493623
2.8714568085
2.8853642547
2.8992717009
2.9131791471
2.9270865933
2.9409940395
2.9549014857
2.9688089319
2.9827163781
2.9966238243
3.0105312705
3.0244387167
3.0383461629
3.0522536091
3.0661610553
3.0800685015
3.0939759477
3.1078833939
3.1217908401
3.1356982863
3.1496057326
3.1635131788
3.1774206250
3.1913280712
3.2052355174
3.2191429636
3.2330504098
3.2469578560
3.2608653022
3.2747727484
3.2886801946
3.3025876408
3.3164950870
3.3304025332
3.3443099794
3.3582174256
3.3721248718
3.3860323180
3.3999397642
3.4138472104
3.4277546566
3.4416621028
3.4555695490
3.4694769952
3.4833844414
3.4972918876
3.5111993338
3.5251067800
3.5390142262
3.5529216725
3.5668291187
3.5807365649
3.5946440111
3.6085514573
3.6224589035
3.6363663497
3.6502737959
3.6641812421
3.6780886883
3.6919961345
3.7059035807
3.7198110269
3.7337184731
3.7476259193
3.7615333655
3.7754408117
3.7893482579
3.8032557041
3.8171631503
3.8310705965
3.8449780427
3.8588854889
3.8727929351
3.8867003813
3.9006078275
3.9145152737
3.9284227199
3.9423301661
3.9562376123
3.9701450586
3.9840525048
3.9979599510
4.0118673972
4.0257748434
4.0396822896
4.0535897358
4.0674971820
4.0814046282
4.0953120744
4.1092195206
4.1231269668
4.1370344130
4.1509418592
4.1648493054
4.1787567516
4.1926641978
4.2065716440
4.2204790902
4.2343865364
4.2482939826
4.2622014288
4.2761088750
4.2900163212
4.3039237674
4.3178312136
4.3317386598
4.3456461060
4.3595535522
4.3734609984
4.3873684447
4.4012758909
4.4151833371
4.4290907833
4.4429982295
4.4569056757
4.4708131219
4.4847205681
4.4986280143
4.5125354605
4.5264429067
4.5403503529
4.5542577991
4.5681652453
4.5820726915
4.5959801377
4.6098875839
4.6237950301
4.6377024763
4.6516099225
4.6655173687
4.6794248149
4.6933322611
4.7072397073
4.7211471535
4.7350545997
4.7489620459
4.7628694921
4.7767769383
4.7906843845
4.8045918308
4.8184992770
4.8324067232
4.8463141694
4.8602216156
4.8741290618
4.8880365080
4.9019439542
4.9158514004
4.9297588466
4.9436662928
4.9575737390
4.9714811852
4.9853886314
4.9992960776
5.0132035238
5.0271109700
5.0410184162
5.0549258624
5.0688333086
5.0827407548
5.0966482010
5.1105556472
5.1244630934
5.1383705396
5.1522779858
5.1661854320
5.1800928782
5.1940003244
5.2079077706
5.2218152169
5.2357226631
5.2496301093
5.2635375555
5.2774450017
5.2913524479
5.3052598941
5.3191673403
5.3330747865
5.3469822327
5.3608896789
5.3747971251
5.3887045713
5.4026120175
5.4165194637
5.4304269099
5.4443343561
5.4582418023
5.4721492485
5.4860566947
5.4999641409
5.5138715871
5.5277790333
5.5416864795
5.5555939257
5.5695013719
5.5834088181
5.5973162643
5.6112237105
5.6251311567
5.6390386030
5.6529460492
5.6668534954
5.6807609416
5.6946683878
5.7085758340
5.7224832802
5.7363907264
5.7502981726
5.7642056188
5.7781130650
5.7920205112
5.8059279574
5.8198354036
5.8337428498
5.8476502960
5.8615577422
5.8754651884
5.8893726346
5.9032800808
5.9171875270
5.9310949732
5.9450024194
5.9589098656
5.9728173118
5.9867247580
6.0006322042
6.0145396504
6.0284470966
6.0423545428
6.0562619891
6.0701694353
6.0840768815
6.0979843277
6.1118917739
6.1257992201
6.1397066663
6.1536141125
6.1675215587
6.1814290049
6.1953364511
6.2092438973
6.2231513435
6.2370587897
6.2509662359
6.2648736821
6.2787811283
6.2926885745
6.3065960207
6.3205034669
6.3344109131
6.3483183593
6.3622258055
6.3761332517
6.3900406979
6.4039481441
6.4178555903
6.4317630365
6.4456704827
6.4595779289
6.4734853752
6.4873928214
6.5013002676
6.5152077138
6.5291151600
6.5430226062
6.5569300524
6.5708374986
6.5847449448
6.5986523910
6.6125598372
6.6264672834
6.6403747296
6.6542821758
6.6681896220
6.6820970682
6.6960045144
6.7099119606
6.7238194068
6.7377268530
6.7516342992
6.7655417454
6.7794491916
6.7933566378
6.8072640840
6.8211715302
6.8350789764
6.8489864226
6.8628938688
6.8768013150
6.8907087613
6.9046162075
6.9185236537
6.9324310999
6.9463385461
6.9602459923
6.9741534385
6.9880608847
7.0019683309
7.0158757771
7.0297832233
7.0436906695
7.0575981157
7.0715055619
7.0854130081
7.0993204543
7.1132279005
7.1271353467
7.1410427929
7.1549502391
7.1688576853
7.1827651315
7.1966725777
7.2105800239
7.2244874701
7.2383949163
7.2523023625
7.2662098087
7.2801172549
7.2940247011
7.3079321474
7.3218395936
7.3357470398
7.3496544860
7.3635619322
7.3774693784
7.3913768246
7.4052842708
7.4191917170
7.4330991632
7.4470066094
7.4609140556
7.4748215018
7.4887289480
7.5026363942
7.5165438404
7.5304512866
7.5443587328
7.5582661790
7.5721736252
