0.000000
0.000000
0.000000
0.000000
0.000000
0.000000
0.000001
0.000001
0.000001
0.000002
0.000003
0.000004
0.000005
0.000006
0.000008
0.000010
0.000012
0.000014
0.000017
0.000020
0.000023
0.000026
0.000030
0.000034
0.000039
0.000043
0.000048
0.000054
0.000061
0.000069
0.000079
0.000091
0.000104
0.000121
0.000141
0.000163
0.000188
0.000217
0.000252
0.000294
0.000344
0.000404
0.000475
0.000557
0.000650
0.000756
0.000877
0.001016
0.001174
0.001354
0.001558
0.001789
0.002048
0.002338
0.002659
0.003010
0.003389
0.003794
0.004226
0.004694
0.005209
0.005779
0.006404
0.007083
0.007811
0.008583
0.009399
0.010260
0.011180
0.012170
0.013239
0.014384
0.015597
0.016871
0.018201
0.019588
0.021033
0.022538
0.024105
0.025735
0.027434
0.029209
0.031059
0.032974
0.034944
0.036966
0.039040
0.041168
0.043358
0.045620
0.047959
0.050368
0.052835
0.055348
0.057907
0.060515
0.063168
0.065852
0.068546
0.071249
0.073984
0.076781
0.079647
0.082559
0.085487
0.088426
0.091396
0.094414
0.097463
0.100495
0.103465
0.106364
0.109235
0.112133
0.115102
0.118161
0.121304
0.124494
0.127679
0.130825
0.133956
0.137124
0.140355
0.143636
0.146938
0.150247
0.153568
0.156903
0.160236
0.163544
0.166819
0.170071
0.173320
0.176576
0.179837
0.183093
0.186323
0.189515
0.192670
0.195805
0.198944
0.202106
0.205290
0.208475
0.211627
0.214720
0.217748
0.220722
0.223662
0.226591
0.229521
0.232443
0.235316
0.238088
0.240728
0.243252
0.245717
0.248166
0.250595
0.252979
0.255290
0.257527
0.259699
0.261803
0.263816
0.265721
0.267527
0.269256
0.270910
0.272468
0.273902
0.275203
0.276388
0.277492
0.278559
0.279623
0.280693
0.281751
0.282759
0.283689
0.284525
0.285265
0.285923
0.286528
0.287110
0.287658
0.288124
0.288461
0.288666
0.288790
0.288898
0.289019
0.289149
0.289289
0.289462
0.289683
0.289933
0.290156
0.290288
0.290312
0.290265
0.290188
0.290074
0.289874
0.289577
0.289258
0.289020
0.288903
0.288861
0.288815
0.288721
0.288579
0.288410
0.288234
0.288072
0.287939
0.287829
0.287723
0.287611
0.287510
0.287453
0.287466
0.287559
0.287711
0.287882
0.288035
0.288161
0.288283
0.288435
0.288654
0.288962
0.289350
0.289771
0.290173
0.290544
0.290920
0.291359
0.291902
0.292567
0.293349
0.294243
0.295240
0.296318
0.297425
0.298503
0.299522
0.300511
0.301541
0.302686
0.303977
0.305384
0.306847
0.308329
0.309837
0.311390
0.312972
0.314559
0.316154
0.317774
0.319395
0.320969
0.322501
0.324052
0.325660
0.327280
0.328819
0.330219
0.331500
0.332729
0.333963
0.335229
0.336528
0.337843
0.339147
0.340420
0.341652
0.342826
0.343915
0.344894
0.345756
0.346508
0.347176
0.347800
0.348412
0.349001
0.349513
0.349887
0.350104
0.350187
0.350176
0.350092
0.349938
0.349698
0.349342
0.348845
0.348224
0.347548
0.346884
0.346232
0.345506
0.344589
0.343414
0.342003
0.340455
0.338885
0.337365
0.335892
0.334395
0.332777
0.330972
0.328978
0.326838
0.324600
0.322274
0.319855
0.317344
0.314741
0.312033
0.309208
0.306292
0.303340
0.300383
0.297399
0.294342
0.291175
0.287866
0.284396
0.280783
0.277098
0.273435
0.269859
0.266361
0.262878
0.259333
0.255687
0.251950
0.248155
0.244339
0.240520
0.236692
0.232839
0.228954
0.225054
0.221180
0.217364
0.213598
0.209849
0.206092
0.202333
0.198589
0.194866
0.191167
0.187484
0.183790
0.180050
0.176271
0.172508
0.168833
0.165279
0.161819
0.158397
0.154959
0.151474
0.147948
0.144414
0.140911
0.137465
0.134084
0.130760
0.127473
0.124196
0.120919
0.117647
0.114396
0.111181
0.108005
0.104864
0.101751
0.098660
0.095593
0.092562
0.089582
0.086661
0.083799
0.081004
0.078287
0.075651
0.073078
0.070546
0.068043
0.065573
0.063136
0.060739
0.058388
0.056085
0.053827
0.051620
0.049478
0.047408
0.045410
0.043482
0.041626
0.039841
0.038115
0.036429
0.034769
0.033134
0.031531
0.029969
0.028449
0.026983
0.025589
0.024277
0.023044
0.021874
0.020751
0.019663
0.018608
0.017587
0.016601
0.015646
0.014718
0.013819
0.012954
0.012134
0.011366
0.010649
0.009970
0.009319
0.008691
0.008088
0.007516
0.006982
0.006487
0.006028
0.005597
0.005194
0.004817
0.004467
0.004138
0.003825
0.003526
0.003239
0.002968
0.002712
0.002473
0.002251
0.002047
0.001861
0.001694
0.001544
0.001408
0.001281
0.001159
0.001045
0.000940
0.000846
0.000763
0.000687
0.000615
0.000548
0.000491
0.000442
0.000402
0.000366
0.000332
0.000299
0.000267
0.000236
0.000208
0.000182
0.000159
0.000139
0.000121
0.000105
0.000091
0.000078
0.000066
0.000057
0.000050
0.000044
0.000038
0.000033
0.000027
0.000023
0.000018
0.000015
0.000013
0.000012
0.000011
0.000010
0.000009
0.000008
0.000008
0.000007
0.000006
0.000006
0.000005
0.000004
0.000003
0.000003
0.000002
0.000002
0.000001
0.000001
0.000001
0.000001
0.000000
0.000000
0.000000
0.000000
0.000000
