0.0000000048
0.0000000176
0.0000000505
0.0000001152
0.0000002117
0.0000003226
0.0000004263
0.0000005232
0.0000006450
0.0000008325
0.0000010941
0.0000013831
0.0000016359
0.0000018570
0.0000021441
0.0000026110
0.0000033220
0.0000043159
0.0000056198
0.0000072118
0.0000090417
0.0000111321
0.0000135216
0.0000161527
0.0000189403
0.0000219608
0.0000255286
0.0000300749
0.0000358704
0.0000428123
0.0000506396
0.0000594830
0.0000700021
0.0000827758
0.0000976912
0.0001142130
0.0001323284
0.0001530859
0.0001781548
0.0002090600
0.0002469486
0.0002927126
0.0003468939
0.0004096390
0.0004811966
0.0005625254
0.0006553552
0.0007617984
0.0008839732
0.0010240247
0.0011844372
0.0013679132
0.0015767271
0.0018131062
0.0020773357
0.0023687708
0.0026850732
0.0030238172
0.0033868502
0.0037826064
0.0042222747
0.0047129005
0.0052545728
0.0058434008
0.0064748808
0.0071447475
0.0078510003
0.0085982914
0.0093990045
0.0102673013
0.0112105889
0.0122259427
0.0133041316
0.0144367280
0.0156199066
0.0168537673
0.0181405106
0.0194829742
0.0208837032
0.0223465293
0.0238786984
0.0254868867
0.0271694131
0.0289159826
0.0307160696
0.0325648833
0.0344622080
0.0364126370
0.0384230425
0.0405039234
0.0426596542
0.0448831762
0.0471609544
0.0494832127
0.0518501818
0.0542679607
0.0567358988
0.0592389148
0.0617575420
0.0642887286
0.0668541920
0.0694830755
0.0721837964
0.0749359926
0.0777137791
0.0805144204
0.0833591124
0.0862643700
0.0892132628
0.0921558143
0.0950428315
0.0978654239
0.1006623875
0.1034905131
0.1063927496
0.1093889796
0.1124743465
0.1156122144
0.1187456755
0.1218402374
0.1249145860
0.1280207570
0.1311894600
0.1344130787
0.1376683837
0.1409456845
0.1442516676
0.1475861018
0.1509261721
0.1542408697
0.1575167763
0.1607648471
0.1640067781
0.1672606969
0.1705346469
0.1738235710
0.1771114936
0.1803827023
0.1836333771
0.1868728353
0.1901166623
0.1933773118
0.1966524811
0.1999189735
0.2031435786
0.2063028199
0.2093926031
0.2124259047
0.2154268562
0.2184224292
0.2214297738
0.2244418052
0.2274216145
0.2303172089
0.2330933932
0.2357597281
0.2383660534
0.2409464297
0.2434955000
0.2459844110
0.2483935222
0.2507283970
0.2530064175
0.2552294731
0.2573774204
0.2594321862
0.2613987793
0.2632940688
0.2651198243
0.2668553823
0.2684765686
0.2699773329
0.2713753301
0.2727041037
0.2740007469
0.2752915985
0.2765790407
0.2778386874
0.2790330777
0.2801326465
0.2811254562
0.2820137466
0.2828144308
0.2835605469
0.2842789977
0.2849561581
0.2855381894
0.2859746311
0.2862619451
0.2864513389
0.2866056196
0.2867457958
0.2868606527
0.2869491944
0.2870384719
0.2871571077
0.2872994072
0.2874171927
0.2874515982
0.2873816369
0.2872372491
0.2870530756
0.2868148985
0.2864742629
0.2860253737
0.2855474877
0.2851489932
0.2848737974
0.2846762665
0.2844801451
0.2842435514
0.2839704684
0.2836849519
0.2834113018
0.2831702249
0.2829718530
0.2828034393
0.2826355572
0.2824494187
0.2822543617
0.2820796422
0.2819554835
0.2818981874
0.2818982275
0.2819233898
0.2819449960
0.2819600045
0.2819926247
0.2820801106
0.2822606304
0.2825592302
0.2829670846
0.2834366894
0.2839126197
0.2843736820
0.2848436591
0.2853649569
0.2859675339
0.2866596379
0.2874385476
0.2883032219
0.2892527252
0.2902692611
0.2913056757
0.2923019065
0.2932261246
0.2941041154
0.2950087892
0.2960177091
0.2971676238
0.2984367943
0.2997730206
0.3011457049
0.3025656585
0.3040488598
0.3055766036
0.3071129341
0.3086501900
0.3101959923
0.3117232184
0.3131877785
0.3145993133
0.3160273346
0.3175181469
0.3190321418
0.3204787428
0.3218011223
0.3230172997
0.3241887115
0.3253667887
0.3265705592
0.3277935770
0.3290146316
0.3302086538
0.3313610680
0.3324701060
0.3335302018
0.3345217339
0.3354240033
0.3362300964
0.3369476065
0.3375991442
0.3382214966
0.3388424322
0.3394480238
0.3399818645
0.3403858741
0.3406446981
0.3407905467
0.3408684213
0.3409024496
0.3408923661
0.3408174043
0.3406372460
0.3403154597
0.3398626854
0.3393451988
0.3388309533
0.3383211092
0.3377323938
0.3369475961
0.3358954895
0.3345976337
0.3331509021
0.3316696497
0.3302284491
0.3288295657
0.3274075247
0.3258709988
0.3241578186
0.3222650393
0.3202326391
0.3180977570
0.3158655424
0.3135233519
0.3110680419
0.3085033536
0.3058220503
0.3030191776
0.3001271705
0.2972092318
0.2943015983
0.2913829625
0.2884073963
0.2853320842
0.2821172718
0.2787322918
0.2751872616
0.2715473267
0.2679048999
0.2643254481
0.2608053671
0.2572803499
0.2536764850
0.2499567405
0.2461319862
0.2422422438
0.2383291912
0.2344166527
0.2305056318
0.2265834625
0.2226426416
0.2186977625
0.2147827125
0.2109226851
0.2071072506
0.2033002304
0.1994788644
0.1956525843
0.1918424663
0.1880595501
0.1843061162
0.1805751045
0.1768394892
0.1730660018
0.1692567702
0.1654657709
0.1617608597
0.1581742046
0.1546767220
0.1512113327
0.1477222623
0.1441780872
0.1405832262
0.1369695630
0.1333745839
0.1298246862
0.1263321025
0.1228969133
0.1195085630
0.1161533050
0.1128266476
0.1095373349
0.1062981384
0.1031139124
0.0999776878
0.0968758462
0.0937957455
0.0907307622
0.0876842836
0.0846715859
0.0817124184
0.0788184623
0.0759930332
0.0732432273
0.0705811631
0.0680068626
0.0654988455
0.0630305476
0.0605900119
0.0581777391
0.0557971303
0.0534578333
0.0511704523
0.0489388020
0.0467617313
0.0446457989
0.0426038151
0.0406418220
0.0387566197
0.0369443475
0.0352040490
0.0335320866
0.0319164237
0.0303397084
0.0287906883
0.0272718851
0.0257937839
0.0243639694
0.0229868247
0.0216719271
0.0204344543
0.0192832482
0.0182112083
0.0171989138
0.0162258618
0.0152795610
0.0143583666
0.0134673592
0.0126109136
0.0117894713
0.0110026151
0.0102530429
0.0095472459
0.0088925307
0.0082916638
0.0077394499
0.0072211189
0.0067238421
0.0062413598
0.0057759471
0.0053350937
0.0049253425
0.0045478708
0.0041987927
0.0038733749
0.0035699635
0.0032894549
0.0030312649
0.0027912599
0.0025642087
0.0023473101
0.0021408371
0.0019463047
0.0017649381
0.0015974414
0.0014441223
0.0013049802
0.0011800815
0.0010695040
0.0009720593
0.0008842434
0.0008015783
0.0007216629
0.0006457100
0.0005767922
0.0005165867
0.0004636470
0.0004145434
0.0003669423
0.0003219375
0.0002825953
0.0002507428
0.0002253499
0.0002035652
0.0001828716
0.0001623368
0.0001423336
0.0001236542
0.0001069293
0.0000924493
0.0000801634
0.0000697382
0.0000606821
0.0000525148
0.0000449276
0.0000379316
0.0000318978
0.0000272741
0.0000240869
0.0000217689
0.0000195754
0.0000171226
0.0000144853
0.0000119285
0.0000097014
0.0000079948
0.0000068679
0.0000061572
0.0000055727
0.0000049373
0.0000042740
0.0000036591
0.0000030909
0.0000025425
0.0000020552
0.0000016889
0.0000014313
0.0000012260
0.0000010578
0.0000009512
0.0000009043
0.0000008779
0.0000008365
0.0000007608
0.0000006382
0.0000004725
0.0000002966
0.0000001534
0.0000000640
0.0000000212
0.0000000055
