0.0000000077
0.0000000279
0.0000000807
0.0000001862
0.0000003484
0.0000005418
0.0000007339
0.0000009236
0.0000011464
0.0000014406
0.0000018400
0.0000023971
0.0000031598
0.0000040897
0.0000050423
0.0000058917
0.0000066836
0.0000076178
0.0000088498
0.0000103288
0.0000118868
0.0000135080
0.0000154568
0.0000180462
0.0000212652
0.0000247668
0.0000283504
0.0000323574
0.0000374023
0.0000437468
0.0000511313
0.0000592819
0.0000684941
0.0000795038
0.0000928164
0.0001083114
0.0001255057
0.0001441763
0.0001648314
0.0001888089
0.0002178936
0.0002534151
0.0002953669
0.0003425866
0.0003942064
0.0004510269
0.0005154297
0.0005901741
0.0006773681
0.0007780177
0.0008918900
0.0010180067
0.0011560716
0.0013077222
0.0014760466
0.0016636664
0.0018714407
0.0020991055
0.0023470197
0.0026170756
0.0029117762
0.0032325400
0.0035791308
0.0039505065
0.0043436743
0.0047563529
0.0051887677
0.0056468056
0.0061406873
0.0066780871
0.0072582817
0.0078734643
0.0085157122
0.0091832173
0.0098810247
0.0106166189
0.0113947099
0.0122153444
0.0130757858
0.0139732621
0.0149056971
0.0158709620
0.0168677479
0.0178981691
0.0189672646
0.0200768382
0.0212194606
0.0223806166
0.0235487864
0.0247246973
0.0259211725
0.0271535776
0.0284299770
0.0297499925
0.0311112748
0.0325156747
0.0339631594
0.0354486793
0.0369610701
0.0384898254
0.0400320451
0.0415905601
0.0431653176
0.0447481462
0.0463263057
0.0478920088
0.0494506828
0.0510199880
0.0526186472
0.0542555220
0.0559291004
0.0576342622
0.0593662769
0.0611200012
0.0628902908
0.0646756184
0.0664794184
0.0683055272
0.0701520039
0.0720096994
0.0738662995
0.0757114686
0.0775396468
0.0793516791
0.0811569825
0.0829720801
0.0848121785
0.0866839189
0.0885839346
0.0905044242
0.0924392128
0.0943884259
0.0963576366
0.0983491330
0.1003534458
0.1023508941
0.1043248049
0.1062754088
0.1082199754
0.1101797128
0.1121676769
0.1141849819
0.1162212421
0.1182582418
0.1202801456
0.1222845498
0.1242810166
0.1262753945
0.1282572622
0.1302067057
0.1321130808
0.1339840289
0.1358386155
0.1376975178
0.1395758469
0.1414732389
0.1433676659
0.1452252163
0.1470179952
0.1487327846
0.1503765091
0.1519833693
0.1535993977
0.1552508713
0.1569176446
0.1585466947
0.1600956180
0.1615617191
0.1629711058
0.1643493167
0.1657098744
0.1670634249
0.1684208172
0.1697791864
0.1711105276
0.1723721391
0.1735317951
0.1745849073
0.1755537280
0.1764782303
0.1774075117
0.1783862279
0.1794314572
0.1805152304
0.1815759406
0.1825568632
0.1834383126
0.1842363499
0.1849790327
0.1856876963
0.1863726649
0.1870388991
0.1876988388
0.1883801273
0.1891086337
0.1898803794
0.1906516712
0.1913658173
0.1919954159
0.1925630031
0.1931258224
0.1937406007
0.1944321180
0.1951822813
0.1959470710
0.1966915608
0.1974139816
0.1981362181
0.1988731190
0.1996157319
0.2003449583
0.2010566169
0.2017690965
0.2025081777
0.2032892728
0.2041147835
0.2049808541
0.2058790787
0.2067941387
0.2077083334
0.2086132007
0.2095173607
0.2104433901
0.2114139586
0.2124346751
0.2134864607
0.2145538951
0.2156509245
0.2168142593
0.2180689665
0.2194044875
0.2207868246
0.2221892096
0.2236055355
0.2250388989
0.2264894074
0.2279589859
0.2294628018
0.2310280276
0.2326771565
0.2344101339
0.2362008652
0.2380118298
0.2398149632
0.2416013876
0.2433757920
0.2451485418
0.2469360782
0.2487626597
0.2506511094
0.2526047791
0.2545992426
0.2565992169
0.2585878809
0.2605725794
0.2625591862
0.2645391081
0.2665190985
0.2685401119
0.2706376958
0.2727962859
0.2749616184
0.2770928221
0.2791864814
0.2812570316
0.2833145705
0.2853669120
0.2874327417
0.2895429764
0.2917249404
0.2939817699
0.2962816524
0.2985636836
0.3007620125
0.3028420683
0.3048251023
0.3067747339
0.3087526439
0.3107832364
0.3128519187
0.3149237660
0.3169644611
0.3189623417
0.3209429730
0.3229520169
0.3250091517
0.3270837383
0.3291279531
0.3311227091
0.3330693906
0.3349527553
0.3367473180
0.3384569290
0.3401125677
0.3417370800
0.3433344351
0.3449084406
0.3464696034
0.3480216396
0.3495565227
0.3510675028
0.3525578730
0.3540288306
0.3554578666
0.3567956509
0.3579974414
0.3590667021
0.3600605079
0.3610377000
0.3620008236
0.3628980149
0.3636802910
0.3643482084
0.3649461120
0.3655186785
0.3660657250
0.3665312458
0.3668460673
0.3669901808
0.3670054897
0.3669425854
0.3668026896
0.3665474689
0.3661383235
0.3655703564
0.3648770240
0.3641071698
0.3632936765
0.3624432243
0.3615512778
0.3606181490
0.3596466930
0.3586264305
0.3575237093
0.3562908349
0.3548902810
0.3533198613
0.3516226385
0.3498705579
0.3481286058
0.3464247864
0.3447451557
0.3430476431
0.3412783332
0.3393870092
0.3373450725
0.3351580330
0.3328620903
0.3305090090
0.3281511454
0.3258282117
0.3235513133
0.3212932396
0.3190007632
0.3166286788
0.3141533036
0.3115545090
0.3088111390
0.3059202055
0.3029099973
0.2998238911
0.2966952468
0.2935422613
0.2903763027
0.2872002126
0.2839976744
0.2807349110
0.2773818011
0.2739336256
0.2704093892
0.2668256062
0.2631727605
0.2594222672
0.2555594076
0.2516062919
0.2476052095
0.2435746389
0.2394849113
0.2352856931
0.2309612901
0.2265537068
0.2221256985
0.2177044898
0.2132662212
0.2087675194
0.2041808834
0.1995105356
0.1947844496
0.1900317016
0.1852710862
0.1805094641
0.1757474778
0.1709847328
0.1662206421
0.1614531393
0.1566825599
0.1519211613
0.1471947488
0.1425283924
0.1379301526
0.1333903512
0.1288951857
0.1244406546
0.1200355013
0.1156911967
0.1114093781
0.1071828025
0.1030101755
0.0989047639
0.0948851553
0.0909627127
0.0871408416
0.0834186063
0.0797883407
0.0762358086
0.0727524621
0.0693476196
0.0660438357
0.0628619414
0.0598026279
0.0568606115
0.0540268765
0.0512899300
0.0486375017
0.0460606447
0.0435563573
0.0411266299
0.0387772393
0.0365182495
0.0343629859
0.0323225378
0.0303981094
0.0285777451
0.0268424412
0.0251777322
0.0235793751
0.0220483204
0.0205840075
0.0191855792
0.0178570139
0.0166060896
0.0154370076
0.0143457991
0.0133232800
0.0123607079
0.0114520104
0.0105928865
0.0097805235
0.0090145872
0.0082968482
0.0076292693
0.0070066213
0.0064215348
0.0058681232
0.0053446295
0.0048530147
0.0043962969
0.0039758434
0.0035906217
0.0032382282
0.0029158428
0.0026203635
0.0023486301
0.0020981678
0.0018675132
0.0016556653
0.0014616302
0.0012846513
0.0011243888
0.0009805852
0.0008527784
0.0007403043
0.0006420980
0.0005563298
0.0004805724
0.0004126433
0.0003514172
0.0002969497
0.0002499119
0.0002107661
0.0001790899
0.0001533593
0.0001314687
0.0001116266
0.0000932778
0.0000767720
0.0000625516
0.0000506713
0.0000408018
0.0000325019
0.0000254576
0.0000195232
0.0000146458
0.0000108000
0.0000079198
0.0000058355
0.0000043023
0.0000031079
0.0000021425
0.0000013811
0.0000008352
0.0000005168
0.0000004098
0.0000004484
0.0000005253
0.0000005395
0.0000004534
0.0000003056
0.0000001638
0.0000000696
0.0000000234
0.0000000062
