0.4100263867
0.4239260066
0.4378256264
0.4517252463
0.4656248662
0.4795244860
0.4934241059
0.5073237257
0.5212233456
0.5351229654
0.5490225853
0.5629222051
0.5768218250
0.5907214449
0.6046210647
0.6185206846
0.6324203044
0.6463199243
0.6602195441
0.6741191640
0.6880187838
0.7019184037
0.7158180236
0.7297176434
0.7436172633
0.7575168831
0.7714165030
0.7853161228
0.7992157427
0.8131153625
0.8270149824
0.8409146023
0.8548142221
0.8687138420
0.8826134618
0.8965130817
0.9104127015
0.9243123214
0.9382119412
0.9521115611
0.9660111810
0.9799108008
0.9938104207
1.0077100405
1.0216096604
1.0355092802
1.0494089001
1.0633085199
1.0772081398
1.0911077597
1.1050073795
1.1189069994
1.1328066192
1.1467062391
1.1606058589
1.1745054788
1.1884050986
1.2023047185
1.2162043384
1.2301039582
1.2440035781
1.2579031979
1.2718028178
1.2857024376
1.2996020575
1.3135016773
1.3274012972
1.3413009171
1.3552005369
1.3691001568
1.3829997766
1.3968993965
1.4107990163
1.4246986362
1.4385982560
1.4524978759
1.4663974958
1.4802971156
1.4941967355
1.5080963553
1.5219959752
1.5358955950
1.5497952149
1.5636948347
1.5775944546
1.5914940745
1.6053936943
1.6192933142
1.6331929340
1.6470925539
1.6609921737
1.6748917936
1.6887914134
1.7026910333
1.7165906532
1.7304902730
1.7443898929
1.7582895127
1.7721891326
1.7860887524
1.7999883723
1.8138879921
1.8277876120
1.8416872319
1.8555868517
1.8694864716
1.8833860914
1.8972857113
1.9111853311
1.9250849510
1.9389845708
1.9528841907
1.9667838106
1.9806834304
1.9945830503
2.0084826701
2.0223822900
2.0362819098
2.0501815297
2.0640811495
2.0779807694
2.0918803893
2.1057800091
2.1196796290
2.1335792488
2.1474788687
2.1613784885
2.1752781084
2.1891777282
2.2030773481
2.2169769680
2.2308765878
2.2447762077
2.2586758275
2.2725754474
2.2864750672
2.3003746871
2.3142743069
2.3281739268
2.3420735467
2.3559731665
2.3698727864
2.3837724062
2.3976720261
2.4115716459
2.4254712658
2.4393708856
2.4532705055
2.4671701254
2.4810697452
2.4949693651
2.5088689849
2.5227686048
2.5366682246
2.5505678445
2.5644674643
2.5783670842
2.5922667041
2.6061663239
2.6200659438
2.6339655636
2.6478651835
2.6617648033
2.6756644232
2.6895640430
2.7034636629
2.7173632828
2.7312629026
2.7451625225
2.7590621423
2.7729617622
2.7868613820
2.8007610019
2.8146606217
2.8285602416
2.8424598615
2.8563594813
2.8702591012
2.8841587210
2.8980583409
2.9119579607
2.9258575806
2.9397572004
2.9536568203
2.9675564402
2.9814560600
2.9953556799
3.0092552997
3.0231549196
3.0370545394
3.0509541593
3.0648537791
3.0787533990
3.0926530189
3.1065526387
3.1204522586
3.1343518784
3.1482514983
3.1621511181
3.1760507380
3.1899503578
3.2038499777
3.2177495976
3.2316492174
3.2455488373
3.2594484571
3.2733480770
3.2872476968
3.3011473167
3.3150469365
3.3289465564
3.3428461763
3.3567457961
3.3706454160
3.3845450358
3.3984446557
3.4123442755
3.4262438954
3.4401435152
3.4540431351
3.4679427550
3.4818423748
3.4957419947
3.5096416145
3.5235412344
3.5374408542
3.5513404741
3.5652400939
3.5791397138
3.5930393337
3.6069389535
3.6208385734
3.6347381932
3.6486378131
3.6625374329
3.6764370528
3.6903366726
3.7042362925
3.7181359124
3.7320355322
3.7459351521
3.7598347719
3.7737343918
3.7876340116
3.8015336315
3.8154332513
3.8293328712
3.8432324911
3.8571321109
3.8710317308
3.8849313506
3.8988309705
3.9127305903
3.9266302102
3.9405298300
3.9544294499
3.9683290698
3.9822286896
3.9961283095
4.0100279293
4.0239275492
4.0378271690
4.0517267889
4.0656264087
4.0795260286
4.0934256485
4.1073252683
4.1212248882
4.1351245080
4.1490241279
4.1629237477
4.1768233676
4.1907229874
4.2046226073
4.2185222272
4.2324218470
4.2463214669
4.2602210867
4.2741207066
4.2880203264
4.3019199463
4.3158195661
4.3297191860
4.3436188059
4.3575184257
4.3714180456
4.3853176654
4.3992172853
4.4131169051
4.4270165250
4.4409161448
4.4548157647
4.4687153846
4.4826150044
4.4965146243
4.5104142441
4.5243138640
4.5382134838
4.5521131037
4.5660127235
4.5799123434
4.5938119633
4.6077115831
4.6216112030
4.6355108228
4.6494104427
4.6633100625
4.6772096824
4.6911093022
4.7050089221
4.7189085420
4.7328081618
4.7467077817
4.7606074015
4.7745070214
4.7884066412
4.8023062611
4.8162058809
4.8301055008
4.8440051207
4.8579047405
4.8718043604
4.8857039802
4.8996036001
4.9135032199
4.9274028398
4.9413024596
4.9552020795
4.9691016994
4.9830013192
4.9969009391
5.0108005589
5.0247001788
5.0385997986
5.0524994185
5.0663990383
5.0802986582
5.0941982781
5.1080978979
5.1219975178
5.1358971376
5.1497967575
5.1636963773
5.1775959972
5.1914956170
5.2053952369
5.2192948568
5.2331944766
5.2470940965
5.2609937163
5.2748933362
5.2887929560
5.3026925759
5.3165921957
5.3304918156
5.3443914355
5.3582910553
5.3721906752
5.3860902950
5.3999899149
5.4138895347
5.4277891546
5.4416887744
5.4555883943
5.4694880142
5.4833876340
5.4972872539
5.5111868737
5.5250864936
5.5389861134
5.5528857333
5.5667853531
5.5806849730
5.5945845929
5.6084842127
5.6223838326
5.6362834524
5.6501830723
5.6640826921
5.6779823120
5.6918819318
5.7057815517
5.7196811716
5.7335807914
5.7474804113
5.7613800311
5.7752796510
5.7891792708
5.8030788907
5.8169785105
5.8308781304
5.8447777503
5.8586773701
5.8725769900
5.8864766098
5.9003762297
5.9142758495
5.9281754694
5.9420750892
5.9559747091
5.9698743290
5.9837739488
5.9976735687
6.0115731885
6.0254728084
6.0393724282
6.0532720481
6.0671716679
6.0810712878
6.0949709077
6.1088705275
6.1227701474
6.1366697672
6.1505693871
6.1644690069
6.1783686268
6.1922682466
6.2061678665
6.2200674864
6.2339671062
6.2478667261
6.2617663459
6.2756659658
6.2895655856
6.3034652055
6.3173648253
6.3312644452
6.3451640651
6.3590636849
6.3729633048
6.3868629246
6.4007625445
6.4146621643
6.4285617842
6.4424614040
6.4563610239
6.4702606438
6.4841602636
6.4980598835
6.5119595033
6.5258591232
6.5397587430
6.5536583629
6.5675579827
6.5814576026
6.5953572225
6.6092568423
6.6231564622
6.6370560820
6.6509557019
6.6648553217
6.6787549416
6.6926545614
6.7065541813
6.7204538012
6.7343534210
6.7482530409
6.7621526607
6.7760522806
6.7899519004
6.8038515203
6.8177511401
6.8316507600
6.8455503799
6.8594499997
6.8733496196
6.8872492394
6.9011488593
6.9150484791
6.9289480990
6.9428477188
6.9567473387
6.9706469586
6.9845465784
6.9984461983
7.0123458181
7.0262454380
7.0401450578
7.0540446777
7.0679442975
7.0818439174
7.0957435373
7.1096431571
7.1235427770
7.1374423968
7.1513420167
7.1652416365
7.1791412564
7.1930408762
7.2069404961
7.2208401160
7.2347397358
7.2486393557
7.2625389755
7.2764385954
7.2903382152
7.3042378351
7.3181374549
7.3320370748
7.3459366947
7.3598363145
7.3737359344
7.3876355542
7.4015351741
7.4154347939
7.4293344138
7.4432340336
7.4571336535
7.4710332734
7.4849328932
7.4988325131
7.5127321329
