0.000000
0.000000
0.000000
0.000000
0.000000
0.000000
0.000000
0.000000
-0.000000
-0.000000
-0.000001
-0.000001
-0.000002
-0.000003
-0.000004
-0.000005
-0.000005
-0.000005
-0.000005
-0.000005
-0.000005
-0.000004
-0.000003
-0.000002
-0.000001
0.000001
0.000003
0.000006
0.000011
0.000016
0.000022
0.000028
0.000036
0.000044
0.000054
0.000065
0.000077
0.000089
0.000105
0.000124
0.000150
0.000181
0.000219
0.000263
0.000313
0.000369
0.000433
0.000507
0.000594
0.000694
0.000811
0.000947
0.001105
0.001288
0.001496
0.001727
0.001981
0.002253
0.002547
0.002871
0.003235
0.003647
0.004105
0.004604
0.005139
0.005706
0.006303
0.006936
0.007618
0.008365
0.009182
0.010067
0.011011
0.012003
0.013039
0.014119
0.015248
0.016428
0.017663
0.018959
0.020323
0.021765
0.023280
0.024858
0.026488
0.028163
0.029885
0.031657
0.033488
0.035388
0.037361
0.039398
0.041487
0.043618
0.045793
0.048021
0.050304
0.052626
0.054969
0.057328
0.059724
0.062185
0.064721
0.067313
0.069940
0.072602
0.075322
0.078115
0.080964
0.083816
0.086621
0.089366
0.092090
0.094848
0.097683
0.100617
0.103645
0.106730
0.109813
0.112855
0.115873
0.118918
0.122024
0.125190
0.128398
0.131644
0.134936
0.138269
0.141616
0.144938
0.148215
0.151458
0.154693
0.157946
0.161232
0.164555
0.167900
0.171250
0.174596
0.177940
0.181289
0.184649
0.188015
0.191363
0.194660
0.197885
0.201037
0.204130
0.207192
0.210254
0.213338
0.216441
0.219527
0.222546
0.225459
0.228267
0.231015
0.233727
0.236396
0.238990
0.241497
0.243930
0.246314
0.248656
0.250938
0.253143
0.255270
0.257332
0.259330
0.261243
0.263051
0.264752
0.266363
0.267916
0.269443
0.270961
0.272465
0.273927
0.275307
0.276576
0.277726
0.278762
0.279706
0.280593
0.281448
0.282254
0.282952
0.283488
0.283858
0.284113
0.284313
0.284473
0.284573
0.284609
0.284615
0.284631
0.284666
0.284679
0.284615
0.284451
0.284210
0.283918
0.283556
0.283075
0.282474
0.281837
0.281278
0.280844
0.280491
0.280145
0.279766
0.279362
0.278960
0.278589
0.278268
0.278005
0.277778
0.277549
0.277288
0.276999
0.276707
0.276445
0.276238
0.276085
0.275965
0.275855
0.275759
0.275702
0.275725
0.275868
0.276157
0.276584
0.277103
0.277652
0.278203
0.278767
0.279371
0.280033
0.280753
0.281528
0.282363
0.283265
0.284221
0.285187
0.286101
0.286930
0.287697
0.288477
0.289349
0.290358
0.291490
0.292699
0.293963
0.295294
0.296708
0.298181
0.299667
0.301146
0.302618
0.304052
0.305406
0.306698
0.308003
0.309377
0.310784
0.312139
0.313383
0.314534
0.315648
0.316770
0.317912
0.319059
0.320187
0.321271
0.322302
0.323288
0.324235
0.325129
0.325954
0.326704
0.327387
0.328022
0.328643
0.329273
0.329895
0.330451
0.330884
0.331186
0.331394
0.331561
0.331713
0.331847
0.331937
0.331933
0.331786
0.331502
0.331143
0.330778
0.330411
0.329959
0.329306
0.328377
0.327192
0.325846
0.324454
0.323092
0.321767
0.320420
0.318965
0.317343
0.315552
0.313627
0.311596
0.309457
0.307191
0.304792
0.302266
0.299611
0.296830
0.293963
0.291079
0.288220
0.285367
0.282473
0.279490
0.276368
0.273069
0.269592
0.265997
0.262375
0.258792
0.255249
0.251683
0.248020
0.244226
0.240314
0.236330
0.232319
0.228313
0.224319
0.220328
0.216331
0.212341
0.208385
0.204482
0.200616
0.196751
0.192865
0.188972
0.185096
0.181253
0.177445
0.173666
0.169889
0.166082
0.162242
0.158423
0.154689
0.151070
0.147535
0.144026
0.140485
0.136882
0.133218
0.129525
0.125838
0.122185
0.118581
0.115034
0.111545
0.108110
0.104734
0.101428
0.098200
0.095047
0.091950
0.088887
0.085841
0.082801
0.079775
0.076781
0.073843
0.070976
0.068187
0.065483
0.062875
0.060362
0.057919
0.055516
0.053137
0.050783
0.048458
0.046177
0.043953
0.041793
0.039696
0.037671
0.035729
0.033875
0.032103
0.030407
0.028782
0.027223
0.025717
0.024250
0.022813
0.021410
0.020056
0.018759
0.017525
0.016360
0.015280
0.014290
0.013379
0.012523
0.011700
0.010896
0.010109
0.009348
0.008621
0.007933
0.007287
0.006687
0.006141
0.005651
0.005217
0.004830
0.004472
0.004128
0.003792
0.003464
0.003154
0.002869
0.002608
0.002370
0.002150
0.001946
0.001762
0.001596
0.001445
0.001303
0.001169
0.001042
0.000925
0.000818
0.000722
0.000638
0.000563
0.000499
0.000445
0.000400
0.000360
0.000322
0.000284
0.000247
0.000214
0.000187
0.000164
0.000142
0.000119
0.000095
0.000075
0.000059
0.000049
0.000041
0.000033
0.000025
0.000018
0.000011
0.000006
0.000003
0.000001
0.000000
-0.000000
-0.000000
-0.000001
-0.000002
-0.000003
-0.000003
-0.000001
-0.000000
0.000001
0.000002
0.000002
0.000001
0.000001
0.000001
0.000001
0.000001
0.000001
0.000000
-0.000001
-0.000001
-0.000002
-0.000002
-0.000002
-0.000002
-0.000002
-0.000002
-0.000001
-0.000001
-0.000000
0.000000
0.000000
0.000000
0.000000
0.000000
0.000000
0.000000
0.000000
0.000000
0.000000
