0.000000
0.000000
0.000000
0.000000
0.000000
0.000000
0.000001
0.000001
0.000001
0.000001
0.000002
0.000002
0.000003
0.000003
0.000004
0.000004
0.000005
0.000006
0.000007
0.000008
0.000009
0.000010
0.000010
0.000011
0.000014
0.000016
0.000019
0.000023
0.000028
0.000034
0.000041
0.000049
0.000059
0.000069
0.000082
0.000097
0.000112
0.000128
0.000145
0.000164
0.000187
0.000215
0.000248
0.000285
0.000324
0.000366
0.000415
0.000473
0.000543
0.000625
0.000719
0.000823
0.000936
0.001059
0.001195
0.001346
0.001515
0.001699
0.001901
0.002121
0.002364
0.002631
0.002924
0.003239
0.003575
0.003927
0.004296
0.004685
0.005106
0.005566
0.006065
0.006597
0.007155
0.007738
0.008352
0.009005
0.009701
0.010439
0.011215
0.012028
0.012875
0.013755
0.014667
0.015616
0.016609
0.017648
0.018726
0.019831
0.020948
0.022077
0.023228
0.024415
0.025644
0.026913
0.028219
0.029566
0.030954
0.032380
0.033834
0.035307
0.036797
0.038311
0.039849
0.041405
0.042968
0.044530
0.046095
0.047681
0.049304
0.050973
0.052686
0.054437
0.056219
0.058024
0.059844
0.061673
0.063514
0.065369
0.067236
0.069105
0.070966
0.072807
0.074625
0.076425
0.078220
0.080030
0.081870
0.083743
0.085637
0.087536
0.089424
0.091302
0.093178
0.095062
0.096957
0.098854
0.100746
0.102639
0.104550
0.106497
0.108485
0.110505
0.112540
0.114564
0.116558
0.118519
0.120458
0.122380
0.124280
0.126140
0.127955
0.129738
0.131514
0.133306
0.135133
0.136997
0.138875
0.140734
0.142545
0.144293
0.145985
0.147657
0.149355
0.151103
0.152878
0.154617
0.156269
0.157820
0.159290
0.160703
0.162076
0.163432
0.164794
0.166170
0.167539
0.168859
0.170094
0.171232
0.172291
0.173309
0.174335
0.175418
0.176577
0.177786
0.178980
0.180095
0.181108
0.182028
0.182883
0.183694
0.184475
0.185233
0.185982
0.186752
0.187567
0.188424
0.189278
0.190074
0.190785
0.191435
0.192073
0.192747
0.193466
0.194199
0.194896
0.195531
0.196113
0.196678
0.197248
0.197823
0.198387
0.198941
0.199504
0.200101
0.200743
0.201426
0.202138
0.202863
0.203576
0.204261
0.204914
0.205554
0.206219
0.206940
0.207733
0.208579
0.209457
0.210374
0.211354
0.212417
0.213547
0.214711
0.215890
0.217084
0.218304
0.219556
0.220841
0.222171
0.223569
0.225052
0.226612
0.228221
0.229840
0.231445
0.233033
0.234615
0.236211
0.237843
0.239540
0.241320
0.243183
0.245097
0.247020
0.248932
0.250838
0.252744
0.254640
0.256530
0.258454
0.260446
0.262493
0.264546
0.266570
0.268568
0.270555
0.272542
0.274530
0.276536
0.278585
0.280701
0.282886
0.285103
0.287291
0.289379
0.291332
0.293173
0.294971
0.296792
0.298667
0.300584
0.302510
0.304411
0.306275
0.308130
0.310022
0.311974
0.313955
0.315922
0.317857
0.319765
0.321634
0.323440
0.325186
0.326900
0.328600
0.330281
0.331940
0.333583
0.335211
0.336821
0.338413
0.340001
0.341600
0.343197
0.344751
0.346218
0.347594
0.348926
0.350256
0.351573
0.352812
0.353920
0.354897
0.355796
0.356668
0.357521
0.358303
0.358947
0.359432
0.359794
0.360074
0.360261
0.360300
0.360134
0.359741
0.359142
0.358381
0.357493
0.356494
0.355395
0.354215
0.352976
0.351683
0.350310
0.348810
0.347144
0.345302
0.343321
0.341268
0.339207
0.337171
0.335153
0.333120
0.331027
0.328828
0.326496
0.324037
0.321484
0.318886
0.316291
0.313734
0.311224
0.308731
0.306202
0.303597
0.300894
0.298076
0.295121
0.292022
0.288800
0.285494
0.282133
0.278736
0.275322
0.271901
0.268467
0.264994
0.261453
0.257836
0.254158
0.250426
0.246626
0.242723
0.238702
0.234587
0.230420
0.226220
0.221958
0.217584
0.213085
0.208508
0.203926
0.199376
0.194839
0.190276
0.185651
0.180960
0.176221
0.171452
0.166670
0.161881
0.157089
0.152299
0.147518
0.142750
0.138001
0.133286
0.128634
0.124070
0.119601
0.115213
0.110888
0.106617
0.102402
0.098253
0.094172
0.090154
0.086201
0.082331
0.078565
0.074916
0.071387
0.067975
0.064666
0.061444
0.058296
0.055230
0.052268
0.049434
0.046732
0.044157
0.041704
0.039360
0.037109
0.034941
0.032846
0.030825
0.028879
0.027017
0.025249
0.023588
0.022033
0.020573
0.019189
0.017867
0.016605
0.015403
0.014262
0.013181
0.012160
0.011209
0.010330
0.009518
0.008763
0.008057
0.007393
0.006769
0.006179
0.005626
0.005109
0.004633
0.004192
0.003779
0.003391
0.003026
0.002687
0.002378
0.002099
0.001852
0.001632
0.001438
0.001265
0.001109
0.000967
0.000837
0.000716
0.000605
0.000503
0.000410
0.000327
0.000255
0.000192
0.000140
0.000095
0.000057
0.000025
-0.000003
-0.000026
-0.000041
-0.000050
-0.000053
-0.000051
-0.000048
-0.000045
-0.000042
-0.000041
-0.000039
-0.000037
-0.000035
-0.000032
-0.000029
-0.000026
-0.000022
-0.000019
-0.000016
-0.000013
-0.000010
-0.000008
-0.000006
-0.000005
-0.000004
-0.000003
-0.000002
-0.000001
-0.000001
-0.000000
-0.000000
0.000000
0.000000
-0.000000
-0.000000
-0.000000
