0.0829331593
0.1622039732
0.2414747870
0.3207456009
0.4000164147
0.4792872286
0.5585580424
0.6378288563
0.7170996701
0.7963704840
0.8756412978
0.9549121117
1.0341829255
1.1134537394
1.1927245532
1.2719953671
1.3512661809
1.4305369948
1.5098078086
1.5890786225
1.6683494363
1.7476202502
1.8268910640
1.9061618779
1.9854326917
2.0647035056
2.1439743194
2.2232451332
2.3025159471
2.3817867609
2.4610575748
2.5403283886
2.6195992025
2.6988700163
2.7781408302
2.8574116440
2.9366824579
3.0159532717
3.0952240856
3.1744948994
3.2537657133
3.3330365271
3.4123073410
3.4915781548
3.5708489687
3.6501197825
3.7293905964
3.8086614102
3.8879322241
3.9672030379
4.0464738518
4.1257446656
4.2050154795
4.2842862933
4.3635571071
4.4428279210
4.5220987348
4.6013695487
4.6806403625
4.7599111764
4.8391819902
4.9184528041
4.9977236179
5.0769944318
5.1562652456
5.2355360595
5.3148068733
5.3940776872
5.4733485010
5.5526193149
5.6318901287
5.7111609426
5.7904317564
5.8697025703
5.9489733841
6.0282441980
6.1075150118
6.1867858257
6.2660566395
6.3453274534
6.4245982672
6.5038690811
6.5831398949
6.6624107087
6.7416815226
6.8209523364
6.9002231503
6.9794939641
7.0587647780
7.1380355918
7.2173064057
7.2965772195
7.3758480334
7.4551188472
7.5343896611
7.6136604749
7.6929312888
7.7722021026
7.8514729165
7.9307437303
8.0100145442
8.0892853580
8.1685561719
8.2478269857
8.3270977996
8.4063686134
8.4856394273
8.5649102411
8.6441810550
8.7234518688
8.8027226826
8.8819934965
8.9612643103
9.0405351242
9.1198059380
9.1990767519
9.2783475657
9.3576183796
9.4368891934
9.5161600073
9.5954308211
9.6747016350
9.7539724488
9.8332432627
9.9125140765
9.9917848904
10.0710557042
10.1503265181
10.2295973319
10.3088681458
10.3881389596
10.4674097735
10.5466805873
10.6259514012
10.7052222150
10.7844930289
10.8637638427
10.9430346565
11.0223054704
11.1015762842
11.1808470981
11.2601179119
11.3393887258
11.4186595396
11.4979303535
11.5772011673
11.6564719812
11.7357427950
11.8150136089
11.8942844227
11.9735552366
12.0528260504
12.1320968643
12.2113676781
12.2906384920
12.3699093058
12.4491801197
12.5284509335
12.6077217474
12.6869925612
12.7662633751
12.8455341889
12.9248050028
13.0040758166
13.0833466305
13.1626174443
13.2418882581
13.3211590720
13.4004298858
13.4797006997
13.5589715135
13.6382423274
13.7175131412
13.7967839551
13.8760547689
13.9553255828
14.0345963966
14.1138672105
14.1931380243
14.2724088382
14.3516796520
14.4309504659
14.5102212797
14.5894920936
14.6687629074
14.7480337213
14.8273045351
14.9065753490
14.9858461628
15.0651169767
15.1443877905
15.2236586044
15.3029294182
15.3822002320
15.4614710459
15.5407418597
15.6200126736
15.6992834874
15.7785543013
15.8578251151
15.9370959290
16.0163667428
16.0956375567
16.1749083705
16.2541791844
16.3334499982
16.4127208121
16.4919916259
16.5712624398
16.6505332536
16.7298040675
16.8090748813
16.8883456952
16.9676165090
17.0468873229
17.1261581367
17.2054289506
17.2846997644
17.3639705783
17.4432413921
17.5225122059
17.6017830198
17.6810538336
17.7603246475
17.8395954613
17.9188662752
17.9981370890
18.0774079029
18.1566787167
18.2359495306
18.3152203444
18.3944911583
18.4737619721
18.5530327860
18.6323035998
18.7115744137
18.7908452275
18.8701160414
18.9493868552
19.0286576691
19.1079284829
19.1871992968
19.2664701106
19.3457409245
19.4250117383
19.5042825522
19.5835533660
19.6628241799
19.7420949937
19.8213658075
19.9006366214
19.9799074352
20.0591782491
20.1384490629
20.2177198768
20.2969906906
20.3762615045
20.4555323183
20.5348031322
20.6140739460
20.6933447599
20.7726155737
20.8518863876
20.9311572014
21.0104280153
21.0896988291
21.1689696430
21.2482404568
21.3275112707
21.4067820845
21.4860528984
21.5653237122
21.6445945261
21.7238653399
21.8031361538
21.8824069676
21.9616777814
22.0409485953
22.1202194091
22.1994902230
22.2787610368
22.3580318507
22.4373026645
22.5165734784
22.5958442922
22.6751151061
22.7543859199
22.8336567338
22.9129275476
22.9921983615
23.0714691753
23.1507399892
23.2300108030
23.3092816169
23.3885524307
23.4678232446
23.5470940584
23.6263648723
23.7056356861
23.7849065000
23.8641773138
23.9434481277
24.0227189415
24.1019897553
24.1812605692
24.2605313830
24.3398021969
24.4190730107
24.4983438246
24.5776146384
24.6568854523
24.7361562661
24.8154270800
24.8946978938
24.9739687077
25.0532395215
25.1325103354
25.2117811492
25.2910519631
25.3703227769
25.4495935908
25.5288644046
25.6081352185
25.6874060323
25.7666768462
25.8459476600
25.9252184739
26.0044892877
26.0837601016
26.1630309154
26.2423017293
26.3215725431
26.4008433569
26.4801141708
26.5593849846
26.6386557985
26.7179266123
26.7971974262
26.8764682400
26.9557390539
27.0350098677
27.1142806816
27.1935514954
27.2728223093
27.3520931231
27.4313639370
27.5106347508
27.5899055647
27.6691763785
27.7484471924
27.8277180062
27.9069888201
27.9862596339
28.0655304478
28.1448012616
28.2240720755
28.3033428893
28.3826137032
28.4618845170
28.5411553308
28.6204261447
28.6996969585
28.7789677724
28.8582385862
28.9375094001
29.0167802139
29.0960510278
29.1753218416
29.2545926555
29.3338634693
29.4131342832
29.4924050970
29.5716759109
29.6509467247
29.7302175386
29.8094883524
29.8887591663
29.9680299801
30.0473007940
30.1265716078
30.2058424217
30.2851132355
30.3643840494
30.4436548632
30.5229256771
30.6021964909
30.6814673047
30.7607381186
30.8400089324
30.9192797463
30.9985505601
31.0778213740
31.1570921878
31.2363630017
31.3156338155
31.3949046294
31.4741754432
31.5534462571
31.6327170709
31.7119878848
31.7912586986
31.8705295125
31.9498003263
32.0290711402
32.1083419540
32.1876127679
32.2668835817
32.3461543956
32.4254252094
32.5046960233
32.5839668371
32.6632376510
32.7425084648
32.8217792787
32.9010500925
32.9803209063
33.0595917202
33.1388625340
33.2181333479
33.2974041617
33.3766749756
33.4559457894
33.5352166033
33.6144874171
33.6937582310
33.7730290448
33.8522998587
33.9315706725
34.0108414864
34.0901123002
34.1693831141
34.2486539279
34.3279247418
34.4071955556
34.4864663695
34.5657371833
34.6450079972
34.7242788110
34.8035496249
34.8828204387
34.9620912526
35.0413620664
35.1206328802
35.1999036941
35.2791745079
35.3584453218
35.4377161356
35.5169869495
35.5962577633
35.6755285772
35.7547993910
35.8340702049
35.9133410187
35.9926118326
36.0718826464
36.1511534603
36.2304242741
36.3096950880
36.3889659018
36.4682367157
36.5475075295
36.6267783434
36.7060491572
36.7853199711
36.8645907849
36.9438615988
37.0231324126
37.1024032265
37.1816740403
37.2609448541
37.3402156680
37.4194864818
37.4987572957
37.5780281095
37.6572989234
37.7365697372
37.8158405511
37.8951113649
37.9743821788
38.0536529926
38.1329238065
38.2121946203
38.2914654342
38.3707362480
38.4500070619
38.5292778757
38.6085486896
38.6878195034
38.7670903173
38.8463611311
38.9256319450
39.0049027588
39.0841735727
39.1634443865
39.2427152004
39.3219860142
39.4012568281
39.4805276419
39.5597984557
39.6390692696
39.7183400834
39.7976108973
39.8768817111
39.9561525250
40.0354233388
40.1146941527
40.1939649665
40.2732357804
40.3525065942
40.4317774081
40.5110482219
40.5903190358
