0.0000000066
0.0000000309
0.0000001183
0.0000003762
0.0000010080
0.0000023113
0.0000046208
0.0000082360
0.0000134128
0.0000204175
0.0000295572
0.0000411780
0.0000556980
0.0000735506
0.0000949128
0.0001195575
0.0001472226
0.0001782925
0.0002137475
0.0002549035
0.0003026051
0.0003565426
0.0004154680
0.0004781265
0.0005438604
0.0006125528
0.0006845174
0.0007605466
0.0008415532
0.0009276626
0.0010178113
0.0011108476
0.0012071236
0.0013082484
0.0014146790
0.0015239860
0.0016323372
0.0017379133
0.0018424894
0.0019495517
0.0020613900
0.0021783532
0.0023001505
0.0024266598
0.0025572738
0.0026904123
0.0028248324
0.0029620309
0.0031072003
0.0032669028
0.0034444536
0.0036373061
0.0038392855
0.0040475027
0.0042640366
0.0044933603
0.0047408271
0.0050126190
0.0053142881
0.0056482581
0.0060133798
0.0064070119
0.0068272448
0.0072742933
0.0077520875
0.0082694942
0.0088386506
0.0094700371
0.0101679313
0.0109302406
0.0117522461
0.0126299491
0.0135610006
0.0145458505
0.0155900538
0.0167027352
0.0178880199
0.0191363596
0.0204258477
0.0217331133
0.0230431643
0.0243508594
0.0256572281
0.0269670083
0.0282875371
0.0296253022
0.0309791437
0.0323384769
0.0336914151
0.0350333881
0.0363658148
0.0376845591
0.0389743305
0.0402198717
0.0414208665
0.0425900708
0.0437377125
0.0448638390
0.0459645465
0.0470364111
0.0480724235
0.0490621826
0.0500019992
0.0509006995
0.0517699277
0.0526089605
0.0534020414
0.0541319537
0.0547955916
0.0554055124
0.0559776969
0.0565208621
0.0570370683
0.0575269283
0.0579922664
0.0584396913
0.0588834372
0.0593372817
0.0598013103
0.0602636631
0.0607160531
0.0611571977
0.0615779644
0.0619613040
0.0623026532
0.0626223358
0.0629519246
0.0633100788
0.0636915324
0.0640759645
0.0644464514
0.0648024176
0.0651598214
0.0655415889
0.0659634054
0.0664206258
0.0668869241
0.0673311108
0.0677408316
0.0681309299
0.0685271306
0.0689415200
0.0693658157
0.0697870550
0.0702030447
0.0706187692
0.0710332691
0.0714377073
0.0718264948
0.0722053247
0.0725878885
0.0729886008
0.0734165044
0.0738704504
0.0743390898
0.0748042741
0.0752466099
0.0756545085
0.0760383313
0.0764296561
0.0768595625
0.0773360790
0.0778410763
0.0783440925
0.0788183399
0.0792507732
0.0796445586
0.0800140599
0.0803770566
0.0807500422
0.0811451110
0.0815643755
0.0819957365
0.0824171942
0.0828087220
0.0831625450
0.0834836613
0.0837811224
0.0840590731
0.0843141305
0.0845362755
0.0847118423
0.0848329149
0.0849065464
0.0849491585
0.0849718374
0.0849780066
0.0849735010
0.0849669489
0.0849561158
0.0849243998
0.0848536481
0.0847352600
0.0845704574
0.0843643882
0.0841214881
0.0838454307
0.0835407600
0.0832113207
0.0828563728
0.0824693485
0.0820418059
0.0815715078
0.0810690624
0.0805536602
0.0800368773
0.0795109524
0.0789564027
0.0783595813
0.0777204298
0.0770486044
0.0763590758
0.0756679548
0.0749820101
0.0742877419
0.0735546948
0.0727546439
0.0718811203
0.0709536264
0.0700054289
0.0690668326
0.0681542328
0.0672660624
0.0663841696
0.0654880604
0.0645666206
0.0636210587
0.0626610427
0.0616986786
0.0607436116
0.0598006026
0.0588685398
0.0579414142
0.0570135155
0.0560849875
0.0551592315
0.0542336878
0.0532979599
0.0523456312
0.0513857420
0.0504373650
0.0495123282
0.0486066648
0.0477088842
0.0468114854
0.0459121116
0.0450095116
0.0441059432
0.0432127450
0.0423468654
0.0415177160
0.0407163937
0.0399183126
0.0390992471
0.0382522524
0.0373909378
0.0365385476
0.0357130644
0.0349174516
0.0341430747
0.0333804226
0.0326277170
0.0318870856
0.0311568523
0.0304332539
0.0297179010
0.0290181451
0.0283387403
0.0276756290
0.0270190962
0.0263609462
0.0256976196
0.0250305506
0.0243681492
0.0237253263
0.0231155053
0.0225415679
0.0219954629
0.0214652590
0.0209419939
0.0204228941
0.0199101538
0.0194048667
0.0189019655
0.0183949722
0.0178867178
0.0173903237
0.0169162500
0.0164609747
0.0160106691
0.0155545689
0.0150954327
0.0146481382
0.0142278934
0.0138385563
0.0134692747
0.0131028531
0.0127287518
0.0123497633
0.0119775137
0.0116218365
0.0112843653
0.0109609377
0.0106470717
0.0103401993
0.0100392976
0.0097445651
0.0094570597
0.0091776264
0.0089057536
0.0086392478
0.0083753014
0.0081129379
0.0078549180
0.0076061687
0.0073691407
0.0071411168
0.0069170681
0.0066948956
0.0064769737
0.0062666459
0.0060641368
0.0058664282
0.0056707826
0.0054777773
0.0052911181
0.0051136291
0.0049445463
0.0047800462
0.0046173738
0.0044577664
0.0043045171
0.0041591597
0.0040205694
0.0038869728
0.0037579511
0.0036344738
0.0035167747
0.0034023154
0.0032868695
0.0031681937
0.0030481665
0.0029309648
0.0028193982
0.0027131176
0.0026099024
0.0025082520
0.0024089441
0.0023145286
0.0022273072
0.0021474976
0.0020731788
0.0020019778
0.0019327627
0.0018655656
0.0018000555
0.0017350057
0.0016695369
0.0016038203
0.0015384574
0.0014740496
0.0014110510
0.0013494912
0.0012895354
0.0012324624
0.0011803598
0.0011342317
0.0010923248
0.0010508626
0.0010069963
0.0009611181
0.0009162142
0.0008750386
0.0008379406
0.0008030672
0.0007681865
0.0007324179
0.0006969065
0.0006642524
0.0006368428
0.0006149275
0.0005960118
0.0005764729
0.0005541563
0.0005294720
0.0005041705
0.0004796384
0.0004565532
0.0004352929
0.0004157429
0.0003970265
0.0003782844
0.0003597365
0.0003424867
0.0003270444
0.0003127726
0.0002988347
0.0002851613
0.0002723631
0.0002609057
0.0002505880
0.0002406974
0.0002303962
0.0002190227
0.0002064132
0.0001931400
0.0001802494
0.0001685627
0.0001582987
0.0001493820
0.0001418335
0.0001356671
0.0001305551
0.0001257872
0.0001206091
0.0001146760
0.0001082824
0.0001021077
0.0000966145
0.0000916723
0.0000867813
0.0000816041
0.0000762676
0.0000712275
0.0000668661
0.0000631895
0.0000599259
0.0000568680
0.0000539769
0.0000512076
0.0000484712
0.0000457546
0.0000431235
0.0000406055
0.0000381372
0.0000356325
0.0000330890
0.0000306359
0.0000285209
0.0000270436
0.0000263727
0.0000262973
0.0000262077
0.0000254643
0.0000238373
0.0000215744
0.0000191129
0.0000168044
0.0000148356
0.0000132429
0.0000119707
0.0000109964
0.0000103876
0.0000101558
0.0000100915
0.0000098638
0.0000093041
0.0000085311
0.0000078021
0.0000072734
0.0000068767
0.0000064128
0.0000058007
0.0000051915
0.0000047767
0.0000045937
0.0000045109
0.0000043403
0.0000039796
0.0000034920
0.0000030350
0.0000027012
0.0000024605
0.0000022447
0.0000020326
0.0000018447
0.0000017006
0.0000016054
0.0000015516
0.0000015080
0.0000014277
0.0000012927
0.0000011412
0.0000010258
0.0000009519
0.0000008868
0.0000008207
0.0000007850
0.0000008015
0.0000008437
0.0000008584
0.0000008088
0.0000006908
0.0000005250
0.0000003462
0.0000001928
0.0000000897
0.0000000344
0.0000000110
0.0000000039
0.0000000057
0.0000000175
0.0000000450
0.0000000900
0.0000001387
0.0000001660
0.0000001547
0.0000001126
0.0000000642
0.0000000285
0.0000000099
0.0000000026
