0.000000
0.000000
0.000000
0.000000
0.000001
0.000002
0.000003
0.000006
0.000010
0.000016
0.000025
0.000038
0.000055
0.000077
0.000105
0.000137
0.000173
0.000213
0.000257
0.000305
0.000356
0.000412
0.000474
0.000538
0.000605
0.000674
0.000747
0.000829
0.000920
0.001018
0.001122
0.001232
0.001350
0.001473
0.001602
0.001738
0.001881
0.002030
0.002185
0.002346
0.002516
0.002697
0.002886
0.003081
0.003282
0.003492
0.003716
0.003960
0.004227
0.004518
0.004830
0.005168
0.005540
0.005958
0.006431
0.006961
0.007542
0.008171
0.008860
0.009626
0.010473
0.011388
0.012355
0.013359
0.014390
0.015452
0.016555
0.017699
0.018875
0.020083
0.021328
0.022612
0.023937
0.025306
0.026716
0.028153
0.029600
0.031045
0.032486
0.033931
0.035382
0.036845
0.038319
0.039813
0.041342
0.042913
0.044507
0.046074
0.047568
0.048975
0.050308
0.051580
0.052804
0.053988
0.055127
0.056206
0.057218
0.058167
0.059066
0.059937
0.060788
0.061605
0.062369
0.063074
0.063714
0.064272
0.064750
0.065177
0.065573
0.065947
0.066309
0.066679
0.067079
0.067519
0.067991
0.068481
0.068982
0.069495
0.070032
0.070605
0.071214
0.071842
0.072472
0.073101
0.073737
0.074386
0.075052
0.075731
0.076411
0.077072
0.077713
0.078361
0.079049
0.079774
0.080495
0.081183
0.081845
0.082495
0.083127
0.083726
0.084297
0.084858
0.085424
0.085984
0.086533
0.087095
0.087695
0.088313
0.088897
0.089415
0.089878
0.090323
0.090773
0.091220
0.091647
0.092040
0.092385
0.092668
0.092879
0.093023
0.093115
0.093167
0.093192
0.093196
0.093163
0.093078
0.092937
0.092745
0.092505
0.092222
0.091897
0.091510
0.091032
0.090462
0.089839
0.089204
0.088568
0.087907
0.087195
0.086443
0.085677
0.084911
0.084126
0.083292
0.082387
0.081409
0.080366
0.079255
0.078077
0.076858
0.075641
0.074463
0.073323
0.072186
0.071004
0.069755
0.068460
0.067160
0.065884
0.064632
0.063399
0.062176
0.060950
0.059713
0.058471
0.057237
0.056017
0.054818
0.053649
0.052516
0.051407
0.050305
0.049207
0.048130
0.047096
0.046103
0.045130
0.044154
0.043169
0.042191
0.041240
0.040320
0.039418
0.038515
0.037613
0.036728
0.035870
0.035041
0.034231
0.033428
0.032627
0.031833
0.031050
0.030278
0.029523
0.028797
0.028106
0.027437
0.026774
0.026114
0.025460
0.024811
0.024163
0.023524
0.022906
0.022321
0.021768
0.021232
0.020694
0.020143
0.019582
0.019029
0.018497
0.017989
0.017496
0.017015
0.016555
0.016118
0.015699
0.015282
0.014857
0.014427
0.014006
0.013602
0.013210
0.012821
0.012431
0.012048
0.011683
0.011338
0.011007
0.010684
0.010372
0.010073
0.009785
0.009503
0.009223
0.008939
0.008650
0.008362
0.008083
0.007815
0.007555
0.007302
0.007062
0.006840
0.006639
0.006457
0.006281
0.006096
0.005888
0.005664
0.005442
0.005243
0.005072
0.004919
0.004765
0.004605
0.004442
0.004284
0.004136
0.003997
0.003865
0.003737
0.003609
0.003477
0.003345
0.003215
0.003088
0.002965
0.002845
0.002730
0.002617
0.002506
0.002400
0.002305
0.002220
0.002144
0.002070
0.001998
0.001930
0.001867
0.001806
0.001740
0.001667
0.001590
0.001515
0.001449
0.001388
0.001331
0.001277
0.001229
0.001190
0.001156
0.001121
0.001080
0.001033
0.000984
0.000938
0.000894
0.000851
0.000808
0.000769
0.000736
0.000707
0.000678
0.000646
0.000612
0.000581
0.000554
0.000529
0.000506
0.000487
0.000472
0.000460
0.000448
0.000435
0.000422
0.000409
0.000395
0.000377
0.000356
0.000332
0.000308
0.000286
0.000266
0.000247
0.000228
0.000208
0.000189
0.000171
0.000156
0.000145
0.000135
0.000126
0.000116
0.000104
0.000094
0.000085
0.000079
0.000075
0.000073
0.000072
0.000073
0.000071
0.000069
0.000065
0.000060
0.000054
0.000046
0.000038
0.000031
0.000027
0.000023
0.000019
0.000014
0.000008
0.000003
-0.000002
-0.000005
-0.000007
-0.000010
-0.000013
-0.000015
-0.000017
-0.000019
-0.000020
-0.000022
-0.000023
-0.000024
-0.000024
-0.000025
-0.000025
-0.000024
-0.000022
-0.000021
-0.000020
-0.000019
-0.000017
-0.000017
-0.000017
-0.000018
-0.000019
-0.000019
-0.000019
-0.000019
-0.000020
-0.000020
-0.000020
-0.000020
-0.000019
-0.000018
-0.000017
-0.000017
-0.000018
-0.000018
-0.000018
-0.000017
-0.000016
-0.000015
-0.000014
-0.000014
-0.000013
-0.000012
-0.000011
-0.000011
-0.000010
-0.000010
-0.000010
-0.000009
-0.000009
-0.000009
-0.000008
-0.000008
-0.000007
-0.000006
-0.000006
-0.000006
-0.000006
-0.000006
-0.000006
-0.000006
-0.000006
-0.000005
-0.000005
-0.000005
-0.000005
-0.000005
-0.000005
-0.000004
-0.000004
-0.000003
-0.000003
-0.000003
-0.000002
-0.000002
-0.000002
-0.000002
-0.000002
-0.000001
-0.000001
-0.000001
-0.000001
-0.000001
-0.000001
-0.000001
-0.000002
-0.000002
-0.000002
-0.000001
-0.000001
-0.000001
-0.000000
-0.000000
-0.000000
-0.000000
-0.000000
0.000000
0.000000
0.000000
-0.000000
-0.000000
-0.000000
-0.000000
-0.000000
0.000000
0.000000
0.000000
0.000000
0.000000
0.000000
0.000000
