-0.000000
-0.000000
0.000000
0.000000
0.000001
0.000002
0.000003
0.000006
0.000010
0.000015
0.000022
0.000031
0.000043
0.000058
0.000077
0.000099
0.000124
0.000153
0.000187
0.000225
0.000267
0.000313
0.000359
0.000405
0.000449
0.000493
0.000537
0.000583
0.000633
0.000687
0.000746
0.000808
0.000874
0.000946
0.001021
0.001099
0.001175
0.001247
0.001316
0.001388
0.001465
0.001549
0.001639
0.001738
0.001844
0.001956
0.002072
0.002194
0.002327
0.002476
0.002645
0.002831
0.003028
0.003232
0.003445
0.003671
0.003915
0.004183
0.004483
0.004818
0.005186
0.005585
0.006011
0.006461
0.006937
0.007446
0.007996
0.008598
0.009257
0.009969
0.010733
0.011544
0.012401
0.013304
0.014257
0.015270
0.016346
0.017477
0.018647
0.019838
0.021039
0.022252
0.023480
0.024729
0.026005
0.027311
0.028642
0.029983
0.031320
0.032651
0.033976
0.035293
0.036588
0.037842
0.039054
0.040235
0.041398
0.042544
0.043670
0.044773
0.045844
0.046868
0.047840
0.048768
0.049665
0.050533
0.051360
0.052131
0.052844
0.053514
0.054155
0.054774
0.055371
0.055939
0.056474
0.056975
0.057452
0.057915
0.058369
0.058808
0.059231
0.059646
0.060051
0.060432
0.060783
0.061122
0.061473
0.061850
0.062245
0.062635
0.063005
0.063359
0.063713
0.064092
0.064511
0.064964
0.065423
0.065855
0.066247
0.066615
0.066987
0.067376
0.067776
0.068171
0.068559
0.068944
0.069324
0.069690
0.070036
0.070367
0.070696
0.071039
0.071406
0.071801
0.072215
0.072633
0.073035
0.073404
0.073745
0.074086
0.074457
0.074866
0.075302
0.075739
0.076156
0.076543
0.076902
0.077246
0.077589
0.077946
0.078329
0.078738
0.079165
0.079589
0.079989
0.080360
0.080705
0.081034
0.081350
0.081650
0.081921
0.082150
0.082330
0.082469
0.082584
0.082687
0.082782
0.082873
0.082967
0.083060
0.083136
0.083175
0.083170
0.083125
0.083044
0.082932
0.082787
0.082606
0.082384
0.082114
0.081785
0.081383
0.080903
0.080354
0.079758
0.079134
0.078482
0.077787
0.077043
0.076253
0.075429
0.074586
0.073742
0.072904
0.072057
0.071169
0.070210
0.069173
0.068082
0.066973
0.065882
0.064829
0.063813
0.062813
0.061805
0.060774
0.059717
0.058641
0.057561
0.056490
0.055438
0.054407
0.053394
0.052393
0.051402
0.050422
0.049448
0.048465
0.047470
0.046472
0.045491
0.044540
0.043615
0.042706
0.041803
0.040904
0.040009
0.039119
0.038244
0.037400
0.036592
0.035811
0.035030
0.034226
0.033393
0.032546
0.031712
0.030908
0.030137
0.029388
0.028653
0.027930
0.027222
0.026529
0.025847
0.025178
0.024527
0.023898
0.023285
0.022677
0.022065
0.021444
0.020818
0.020195
0.019594
0.019028
0.018502
0.018008
0.017532
0.017065
0.016603
0.016147
0.015696
0.015246
0.014790
0.014332
0.013884
0.013460
0.013055
0.012657
0.012257
0.011856
0.011468
0.011109
0.010779
0.010465
0.010151
0.009826
0.009495
0.009170
0.008861
0.008573
0.008299
0.008035
0.007780
0.007531
0.007288
0.007052
0.006824
0.006602
0.006386
0.006173
0.005962
0.005757
0.005561
0.005376
0.005197
0.005020
0.004841
0.004663
0.004489
0.004321
0.004156
0.003992
0.003830
0.003674
0.003529
0.003394
0.003266
0.003141
0.003020
0.002907
0.002802
0.002704
0.002612
0.002522
0.002437
0.002355
0.002273
0.002188
0.002097
0.002002
0.001909
0.001822
0.001740
0.001661
0.001586
0.001513
0.001446
0.001386
0.001333
0.001285
0.001240
0.001196
0.001152
0.001109
0.001066
0.001020
0.000972
0.000924
0.000876
0.000829
0.000783
0.000739
0.000698
0.000661
0.000630
0.000603
0.000576
0.000545
0.000512
0.000480
0.000452
0.000427
0.000404
0.000382
0.000359
0.000337
0.000318
0.000305
0.000296
0.000290
0.000283
0.000273
0.000259
0.000245
0.000231
0.000218
0.000207
0.000197
0.000188
0.000177
0.000166
0.000155
0.000144
0.000134
0.000123
0.000113
0.000104
0.000097
0.000091
0.000087
0.000082
0.000076
0.000069
0.000061
0.000054
0.000049
0.000044
0.000041
0.000039
0.000039
0.000038
0.000038
0.000036
0.000034
0.000030
0.000027
0.000025
0.000023
0.000021
0.000019
0.000017
0.000015
0.000014
0.000014
0.000013
0.000013
0.000013
0.000011
0.000010
0.000007
0.000004
0.000001
-0.000002
-0.000004
-0.000007
-0.000009
-0.000009
-0.000009
-0.000008
-0.000005
-0.000003
-0.000001
-0.000000
-0.000001
-0.000002
-0.000003
-0.000004
-0.000004
-0.000005
-0.000005
-0.000004
-0.000004
-0.000003
-0.000002
-0.000001
-0.000001
-0.000001
-0.000001
-0.000001
-0.000001
-0.000002
-0.000003
-0.000004
-0.000005
-0.000005
-0.000005
-0.000004
-0.000004
-0.000004
-0.000004
-0.000003
-0.000003
-0.000002
-0.000002
-0.000002
-0.000001
-0.000001
-0.000001
-0.000001
-0.000001
-0.000001
-0.000001
-0.000001
-0.000000
-0.000000
-0.000000
-0.000000
-0.000000
-0.000000
-0.000000
-0.000000
-0.000001
-0.000001
-0.000001
-0.000001
-0.000001
-0.000001
-0.000001
-0.000000
-0.000000
-0.000000
-0.000000
0.000000
0.000000
0.000000
0.000000
0.000000
0.000000
0.000000
0.000000
