0.000000
0.000000
0.000000
0.000001
0.000001
0.000003
0.000006
0.000011
0.000017
0.000026
0.000037
0.000051
0.000068
0.000089
0.000113
0.000140
0.000170
0.000203
0.000241
0.000285
0.000338
0.000401
0.000472
0.000552
0.000639
0.000732
0.000832
0.000938
0.001050
0.001168
0.001290
0.001413
0.001540
0.001671
0.001808
0.001949
0.002090
0.002229
0.002369
0.002511
0.002657
0.002808
0.002961
0.003116
0.003271
0.003425
0.003578
0.003730
0.003887
0.004058
0.004244
0.004443
0.004650
0.004863
0.005083
0.005316
0.005567
0.005842
0.006145
0.006478
0.006840
0.007229
0.007644
0.008087
0.008567
0.009093
0.009681
0.010342
0.011079
0.011891
0.012772
0.013716
0.014721
0.015788
0.016923
0.018136
0.019430
0.020795
0.022204
0.023629
0.025047
0.026450
0.027835
0.029205
0.030570
0.031939
0.033316
0.034694
0.036062
0.037416
0.038756
0.040076
0.041361
0.042598
0.043788
0.044945
0.046078
0.047184
0.048259
0.049300
0.050301
0.051256
0.052164
0.053033
0.053875
0.054685
0.055444
0.056133
0.056747
0.057297
0.057801
0.058267
0.058703
0.059114
0.059510
0.059904
0.060315
0.060759
0.061234
0.061720
0.062201
0.062668
0.063105
0.063491
0.063822
0.064123
0.064431
0.064770
0.065138
0.065517
0.065888
0.066246
0.066607
0.066991
0.067416
0.067877
0.068351
0.068807
0.069235
0.069647
0.070067
0.070507
0.070956
0.071403
0.071847
0.072293
0.072742
0.073186
0.073617
0.074044
0.074480
0.074938
0.075427
0.075940
0.076463
0.076976
0.077459
0.077905
0.078331
0.078773
0.079262
0.079806
0.080380
0.080949
0.081480
0.081959
0.082387
0.082782
0.083165
0.083554
0.083962
0.084390
0.084826
0.085246
0.085628
0.085965
0.086262
0.086528
0.086768
0.086979
0.087152
0.087273
0.087336
0.087344
0.087314
0.087256
0.087174
0.087074
0.086967
0.086852
0.086713
0.086533
0.086300
0.086016
0.085684
0.085311
0.084904
0.084476
0.084039
0.083598
0.083154
0.082701
0.082240
0.081784
0.081349
0.080939
0.080540
0.080125
0.079676
0.079188
0.078668
0.078132
0.077594
0.077060
0.076519
0.075941
0.075300
0.074589
0.073825
0.073038
0.072251
0.071479
0.070720
0.069955
0.069171
0.068359
0.067526
0.066681
0.065836
0.064997
0.064164
0.063330
0.062489
0.061634
0.060768
0.059896
0.059020
0.058130
0.057221
0.056300
0.055384
0.054485
0.053598
0.052712
0.051820
0.050920
0.050010
0.049093
0.048181
0.047294
0.046443
0.045622
0.044806
0.043973
0.043112
0.042235
0.041365
0.040518
0.039698
0.038898
0.038108
0.037326
0.036552
0.035785
0.035019
0.034258
0.033509
0.032779
0.032066
0.031361
0.030657
0.029951
0.029244
0.028541
0.027857
0.027203
0.026581
0.025983
0.025398
0.024819
0.024243
0.023674
0.023114
0.022558
0.021999
0.021442
0.020896
0.020373
0.019867
0.019364
0.018853
0.018335
0.017828
0.017347
0.016898
0.016473
0.016054
0.015631
0.015205
0.014785
0.014382
0.013996
0.013623
0.013259
0.012901
0.012548
0.012201
0.011862
0.011532
0.011209
0.010892
0.010578
0.010264
0.009953
0.009652
0.009363
0.009085
0.008814
0.008549
0.008291
0.008044
0.007807
0.007577
0.007350
0.007126
0.006908
0.006698
0.006495
0.006295
0.006094
0.005896
0.005702
0.005516
0.005337
0.005162
0.004994
0.004832
0.004679
0.004531
0.004386
0.004239
0.004094
0.003952
0.003817
0.003687
0.003558
0.003431
0.003305
0.003183
0.003069
0.002962
0.002861
0.002764
0.002670
0.002579
0.002491
0.002404
0.002319
0.002236
0.002153
0.002072
0.001993
0.001916
0.001840
0.001767
0.001699
0.001638
0.001582
0.001526
0.001469
0.001410
0.001352
0.001298
0.001249
0.001202
0.001154
0.001106
0.001057
0.001010
0.000969
0.000934
0.000902
0.000870
0.000835
0.000799
0.000763
0.000728
0.000695
0.000664
0.000634
0.000606
0.000579
0.000554
0.000530
0.000510
0.000492
0.000474
0.000457
0.000441
0.000425
0.000410
0.000395
0.000379
0.000362
0.000344
0.000325
0.000306
0.000289
0.000272
0.000257
0.000244
0.000233
0.000223
0.000214
0.000205
0.000196
0.000186
0.000177
0.000168
0.000160
0.000152
0.000144
0.000135
0.000127
0.000120
0.000113
0.000106
0.000101
0.000095
0.000091
0.000087
0.000084
0.000082
0.000080
0.000078
0.000076
0.000073
0.000070
0.000066
0.000063
0.000060
0.000058
0.000055
0.000052
0.000048
0.000044
0.000040
0.000036
0.000033
0.000031
0.000029
0.000027
0.000025
0.000024
0.000023
0.000022
0.000020
0.000018
0.000017
0.000015
0.000015
0.000014
0.000014
0.000014
0.000014
0.000014
0.000014
0.000013
0.000012
0.000011
0.000010
0.000009
0.000008
0.000007
0.000006
0.000006
0.000005
0.000005
0.000004
0.000004
0.000004
0.000003
0.000003
0.000003
0.000002
0.000002
0.000002
0.000002
0.000002
0.000002
0.000002
0.000002
0.000002
0.000002
0.000001
0.000001
0.000001
0.000001
0.000001
0.000001
0.000000
0.000000
0.000000
0.000000
0.000000
0.000000
0.000000
0.000000
0.000000
0.000000
0.000000
0.000000
