0.000000
0.000000
0.000000
0.000000
0.000001
0.000002
0.000004
0.000008
0.000013
0.000022
0.000035
0.000053
0.000076
0.000106
0.000143
0.000186
0.000234
0.000287
0.000344
0.000405
0.000472
0.000544
0.000623
0.000707
0.000794
0.000884
0.000977
0.001077
0.001184
0.001295
0.001410
0.001532
0.001660
0.001794
0.001931
0.002074
0.002225
0.002382
0.002546
0.002717
0.002899
0.003094
0.003299
0.003514
0.003736
0.003968
0.004212
0.004476
0.004764
0.005075
0.005412
0.005778
0.006183
0.006638
0.007150
0.007720
0.008338
0.008999
0.009713
0.010498
0.011360
0.012288
0.013269
0.014289
0.015340
0.016428
0.017565
0.018749
0.019970
0.021225
0.022517
0.023847
0.025217
0.026635
0.028103
0.029610
0.031137
0.032674
0.034219
0.035773
0.037337
0.038908
0.040479
0.042055
0.043647
0.045269
0.046906
0.048516
0.050058
0.051521
0.052914
0.054243
0.055510
0.056713
0.057836
0.058863
0.059789
0.060620
0.061369
0.062052
0.062674
0.063227
0.063709
0.064152
0.064609
0.065125
0.065704
0.066316
0.066931
0.067532
0.068111
0.068679
0.069252
0.069838
0.070433
0.071024
0.071605
0.072182
0.072768
0.073376
0.074006
0.074639
0.075258
0.075862
0.076467
0.077090
0.077743
0.078425
0.079123
0.079810
0.080481
0.081155
0.081863
0.082599
0.083324
0.084016
0.084690
0.085370
0.086062
0.086755
0.087451
0.088162
0.088887
0.089605
0.090301
0.090995
0.091707
0.092414
0.093061
0.093614
0.094089
0.094531
0.094970
0.095410
0.095840
0.096246
0.096615
0.096925
0.097161
0.097323
0.097423
0.097471
0.097477
0.097440
0.097344
0.097170
0.096919
0.096608
0.096252
0.095865
0.095453
0.094996
0.094455
0.093823
0.093129
0.092410
0.091674
0.090901
0.090074
0.089212
0.088350
0.087509
0.086681
0.085843
0.084982
0.084097
0.083187
0.082239
0.081239
0.080204
0.079175
0.078191
0.077250
0.076313
0.075327
0.074265
0.073148
0.072025
0.070927
0.069861
0.068816
0.067779
0.066731
0.065662
0.064576
0.063490
0.062415
0.061358
0.060329
0.059330
0.058346
0.057352
0.056339
0.055323
0.054323
0.053345
0.052380
0.051412
0.050440
0.049478
0.048538
0.047617
0.046699
0.045767
0.044823
0.043883
0.042963
0.042063
0.041182
0.040314
0.039462
0.038630
0.037819
0.037020
0.036227
0.035448
0.034688
0.033938
0.033188
0.032443
0.031708
0.030985
0.030271
0.029571
0.028897
0.028260
0.027658
0.027078
0.026501
0.025911
0.025309
0.024706
0.024116
0.023541
0.022975
0.022421
0.021891
0.021389
0.020905
0.020422
0.019928
0.019427
0.018935
0.018467
0.018021
0.017588
0.017160
0.016738
0.016324
0.015918
0.015511
0.015105
0.014705
0.014320
0.013951
0.013594
0.013243
0.012894
0.012547
0.012208
0.011883
0.011573
0.011272
0.010976
0.010688
0.010416
0.010162
0.009923
0.009689
0.009439
0.009163
0.008865
0.008565
0.008288
0.008042
0.007817
0.007597
0.007375
0.007153
0.006937
0.006730
0.006530
0.006336
0.006145
0.005955
0.005764
0.005575
0.005394
0.005222
0.005060
0.004909
0.004767
0.004631
0.004496
0.004364
0.004236
0.004113
0.003992
0.003867
0.003740
0.003616
0.003503
0.003399
0.003299
0.003201
0.003105
0.003013
0.002925
0.002837
0.002743
0.002644
0.002546
0.002454
0.002369
0.002287
0.002208
0.002129
0.002057
0.001990
0.001927
0.001863
0.001797
0.001734
0.001677
0.001627
0.001580
0.001533
0.001485
0.001439
0.001395
0.001349
0.001302
0.001254
0.001206
0.001158
0.001110
0.001062
0.001018
0.000979
0.000944
0.000910
0.000878
0.000847
0.000819
0.000794
0.000772
0.000753
0.000732
0.000710
0.000688
0.000666
0.000646
0.000628
0.000611
0.000592
0.000570
0.000546
0.000522
0.000499
0.000478
0.000458
0.000440
0.000423
0.000408
0.000392
0.000375
0.000358
0.000342
0.000326
0.000310
0.000295
0.000283
0.000273
0.000265
0.000256
0.000247
0.000237
0.000228
0.000222
0.000218
0.000214
0.000209
0.000202
0.000196
0.000189
0.000181
0.000174
0.000168
0.000161
0.000155
0.000149
0.000143
0.000136
0.000130
0.000123
0.000116
0.000109
0.000102
0.000096
0.000091
0.000086
0.000081
0.000078
0.000076
0.000075
0.000073
0.000071
0.000070
0.000068
0.000066
0.000063
0.000060
0.000056
0.000052
0.000048
0.000044
0.000042
0.000041
0.000039
0.000038
0.000036
0.000034
0.000033
0.000031
0.000029
0.000027
0.000024
0.000022
0.000020
0.000019
0.000018
0.000017
0.000016
0.000016
0.000015
0.000015
0.000014
0.000013
0.000012
0.000011
0.000011
0.000010
0.000010
0.000009
0.000009
0.000009
0.000009
0.000008
0.000008
0.000007
0.000007
0.000006
0.000006
0.000005
0.000005
0.000005
0.000004
0.000004
0.000003
0.000003
0.000003
0.000003
0.000003
0.000003
0.000003
0.000003
0.000003
0.000002
0.000002
0.000002
0.000002
0.000001
0.000001
0.000001
0.000001
0.000000
0.000000
0.000000
0.000000
0.000000
0.000000
0.000000
0.000000
0.000000
0.000000
0.000000
0.000000
0.000000
0.000000
0.000000
0.000000
0.000000
