0.0742331368
0.1512507023
0.2282682679
0.3052858334
0.3823033990
0.4593209645
0.5363385301
0.6133560957
0.6903736612
0.7673912268
0.8444087923
0.9214263579
0.9984439235
1.0754614890
1.1524790546
1.2294966201
1.3065141857
1.3835317513
1.4605493168
1.5375668824
1.6145844479
1.6916020135
1.7686195791
1.8456371446
1.9226547102
1.9996722757
2.0766898413
2.1537074069
2.2307249724
2.3077425380
2.3847601035
2.4617776691
2.5387952347
2.6158128002
2.6928303658
2.7698479313
2.8468654969
2.9238830625
3.0009006280
3.0779181936
3.1549357591
3.2319533247
3.3089708903
3.3859884558
3.4630060214
3.5400235869
3.6170411525
3.6940587181
3.7710762836
3.8480938492
3.9251114147
4.0021289803
4.0791465459
4.1561641114
4.2331816770
4.3101992425
4.3872168081
4.4642343737
4.5412519392
4.6182695048
4.6952870703
4.7723046359
4.8493222015
4.9263397670
5.0033573326
5.0803748981
5.1573924637
5.2344100293
5.3114275948
5.3884451604
5.4654627259
5.5424802915
5.6194978571
5.6965154226
5.7735329882
5.8505505537
5.9275681193
6.0045856849
6.0816032504
6.1586208160
6.2356383815
6.3126559471
6.3896735127
6.4666910782
6.5437086438
6.6207262093
6.6977437749
6.7747613405
6.8517789060
6.9287964716
7.0058140371
7.0828316027
7.1598491683
7.2368667338
7.3138842994
7.3909018649
7.4679194305
7.5449369961
7.6219545616
7.6989721272
7.7759896927
7.8530072583
7.9300248239
8.0070423894
8.0840599550
8.1610775205
8.2380950861
8.3151126517
8.3921302172
8.4691477828
8.5461653483
8.6231829139
8.7002004795
8.7772180450
8.8542356106
8.9312531761
9.0082707417
9.0852883072
9.1623058728
9.2393234384
9.3163410039
9.3933585695
9.4703761350
9.5473937006
9.6244112662
9.7014288317
9.7784463973
9.8554639628
9.9324815284
10.0094990940
10.0865166595
10.1635342251
10.2405517906
10.3175693562
10.3945869218
10.4716044873
10.5486220529
10.6256396184
10.7026571840
10.7796747496
10.8566923151
10.9337098807
11.0107274462
11.0877450118
11.1647625774
11.2417801429
11.3187977085
11.3958152740
11.4728328396
11.5498504052
11.6268679707
11.7038855363
11.7809031018
11.8579206674
11.9349382330
12.0119557985
12.0889733641
12.1659909296
12.2430084952
12.3200260608
12.3970436263
12.4740611919
12.5510787574
12.6280963230
12.7051138886
12.7821314541
12.8591490197
12.9361665852
13.0131841508
13.0902017164
13.1672192819
13.2442368475
13.3212544130
13.3982719786
13.4752895442
13.5523071097
13.6293246753
13.7063422408
13.7833598064
13.8603773720
13.9373949375
14.0144125031
14.0914300686
14.1684476342
14.2454651998
14.3224827653
14.3995003309
14.4765178964
14.5535354620
14.6305530276
14.7075705931
14.7845881587
14.8616057242
14.9386232898
15.0156408554
15.0926584209
15.1696759865
15.2466935520
15.3237111176
15.4007286832
15.4777462487
15.5547638143
15.6317813798
15.7087989454
15.7858165110
15.8628340765
15.9398516421
16.0168692076
16.0938867732
16.1709043388
16.2479219043
16.3249394699
16.4019570354
16.4789746010
16.5559921666
16.6330097321
16.7100272977
16.7870448632
16.8640624288
16.9410799944
17.0180975599
17.0951151255
17.1721326910
17.2491502566
17.3261678222
17.4031853877
17.4802029533
17.5572205188
17.6342380844
17.7112556499
17.7882732155
17.8652907811
17.9423083466
18.0193259122
18.0963434777
18.1733610433
18.2503786089
18.3273961744
18.4044137400
18.4814313055
18.5584488711
18.6354664367
18.7124840022
18.7895015678
18.8665191333
18.9435366989
19.0205542645
19.0975718300
19.1745893956
19.2516069611
19.3286245267
19.4056420923
19.4826596578
19.5596772234
19.6366947889
19.7137123545
19.7907299201
19.8677474856
19.9447650512
20.0217826167
20.0988001823
20.1758177479
20.2528353134
20.3298528790
20.4068704445
20.4838880101
20.5609055757
20.6379231412
20.7149407068
20.7919582723
20.8689758379
20.9459934035
21.0230109690
21.1000285346
21.1770461001
21.2540636657
21.3310812313
21.4080987968
21.4851163624
21.5621339279
21.6391514935
21.7161690591
21.7931866246
21.8702041902
21.9472217557
22.0242393213
22.1012568869
22.1782744524
22.2552920180
22.3323095835
22.4093271491
22.4863447147
22.5633622802
22.6403798458
22.7173974113
22.7944149769
22.8714325425
22.9484501080
23.0254676736
23.1024852391
23.1795028047
23.2565203703
23.3335379358
23.4105555014
23.4875730669
23.5645906325
23.6416081981
23.7186257636
23.7956433292
23.8726608947
23.9496784603
24.0266960259
24.1037135914
24.1807311570
24.2577487225
24.3347662881
24.4117838537
24.4888014192
24.5658189848
24.6428365503
24.7198541159
24.7968716815
24.8738892470
24.9509068126
25.0279243781
25.1049419437
25.1819595093
25.2589770748
25.3359946404
25.4130122059
25.4900297715
25.5670473371
25.6440649026
25.7210824682
25.7981000337
25.8751175993
25.9521351649
26.0291527304
26.1061702960
26.1831878615
26.2602054271
26.3372229926
26.4142405582
26.4912581238
26.5682756893
26.6452932549
26.7223108204
26.7993283860
26.8763459516
26.9533635171
27.0303810827
27.1073986482
27.1844162138
27.2614337794
27.3384513449
27.4154689105
27.4924864760
27.5695040416
27.6465216072
27.7235391727
27.8005567383
27.8775743038
27.9545918694
28.0316094350
28.1086270005
28.1856445661
28.2626621316
28.3396796972
28.4166972628
28.4937148283
28.5707323939
28.6477499594
28.7247675250
28.8017850906
28.8788026561
28.9558202217
29.0328377872
29.1098553528
29.1868729184
29.2638904839
29.3409080495
29.4179256150
29.4949431806
29.5719607462
29.6489783117
29.7259958773
29.8030134428
29.8800310084
29.9570485740
30.0340661395
30.1110837051
30.1881012706
30.2651188362
30.3421364018
30.4191539673
30.4961715329
30.5731890984
30.6502066640
30.7272242296
30.8042417951
30.8812593607
30.9582769262
31.0352944918
31.1123120574
31.1893296229
31.2663471885
31.3433647540
31.4203823196
31.4973998852
31.5744174507
31.6514350163
31.7284525818
31.8054701474
31.8824877130
31.9595052785
32.0365228441
32.1135404096
32.1905579752
32.2675755408
32.3445931063
32.4216106719
32.4986282374
32.5756458030
32.6526633686
32.7296809341
32.8066984997
32.8837160652
32.9607336308
33.0377511964
33.1147687619
33.1917863275
33.2688038930
33.3458214586
33.4228390242
33.4998565897
33.5768741553
33.6538917208
33.7309092864
33.8079268520
33.8849444175
33.9619619831
34.0389795486
34.1159971142
34.1930146798
34.2700322453
34.3470498109
34.4240673764
34.5010849420
34.5781025076
34.6551200731
34.7321376387
34.8091552042
34.8861727698
34.9631903354
35.0402079009
35.1172254665
35.1942430320
35.2712605976
35.3482781631
35.4252957287
35.5023132943
35.5793308598
35.6563484254
35.7333659909
35.8103835565
35.8874011221
35.9644186876
36.0414362532
36.1184538187
36.1954713843
36.2724889499
36.3495065154
36.4265240810
36.5035416465
36.5805592121
36.6575767777
36.7345943432
36.8116119088
36.8886294743
36.9656470399
37.0426646055
37.1196821710
37.1966997366
37.2737173021
37.3507348677
37.4277524333
37.5047699988
37.5817875644
37.6588051299
37.7358226955
37.8128402611
37.8898578266
37.9668753922
38.0438929577
38.1209105233
38.1979280889
38.2749456544
38.3519632200
38.4289807855
38.5059983511
38.5830159167
38.6600334822
38.7370510478
38.8140686133
38.8910861789
38.9681037445
39.0451213100
39.1221388756
39.1991564411
39.2761740067
39.3531915723
39.4302091378
