0.0000000069
0.0000000334
0.0000001247
0.0000003705
0.0000009131
0.0000019512
0.0000037645
0.0000067710
0.0000115946
0.0000190785
0.0000301426
0.0000455547
0.0000659146
0.0000918309
0.0001237166
0.0001612588
0.0002035683
0.0002499993
0.0003004117
0.0003548540
0.0004138567
0.0004781613
0.0005481002
0.0006226523
0.0006998955
0.0007791082
0.0008624885
0.0009532332
0.0010519038
0.0011565267
0.0012661516
0.0013820470
0.0015049319
0.0016335085
0.0017668038
0.0019060013
0.0020526540
0.0022062162
0.0023653412
0.0025313795
0.0027077698
0.0028956146
0.0030927511
0.0032972255
0.0035090787
0.0037299616
0.0039641312
0.0042180067
0.0044956241
0.0047966463
0.0051209530
0.0054730234
0.0058616263
0.0062977316
0.0067904091
0.0073402380
0.0079395950
0.0085846874
0.0092860503
0.0100619823
0.0109165297
0.0118379147
0.0128118571
0.0138238514
0.0148648356
0.0159401162
0.0170601504
0.0182239560
0.0194225950
0.0206538614
0.0219221921
0.0232294931
0.0245772055
0.0259705022
0.0274095007
0.0288814678
0.0303684528
0.0318593773
0.0333527103
0.0348518136
0.0363597348
0.0378761443
0.0393993718
0.0409340573
0.0424945442
0.0440911650
0.0457067585
0.0472949761
0.0488126870
0.0502481168
0.0516109822
0.0529113339
0.0541569238
0.0553505170
0.0564815838
0.0575345267
0.0585032589
0.0593930865
0.0602176980
0.0609944107
0.0617311206
0.0624158974
0.0630388906
0.0636129751
0.0641617281
0.0646986200
0.0652269666
0.0657463757
0.0662523617
0.0667394674
0.0672101951
0.0676790292
0.0681652082
0.0686785210
0.0692122586
0.0697526627
0.0702931515
0.0708382366
0.0714000722
0.0719908984
0.0726101747
0.0732407741
0.0738650879
0.0744816314
0.0751020324
0.0757383399
0.0763974129
0.0770783280
0.0777668110
0.0784414081
0.0790969756
0.0797582198
0.0804560559
0.0811862182
0.0819094404
0.0825993994
0.0832671178
0.0839324420
0.0845944103
0.0852407522
0.0858737852
0.0865101236
0.0871555181
0.0877941503
0.0884170004
0.0890452912
0.0897009851
0.0903635180
0.0909793118
0.0915144003
0.0919836668
0.0924272657
0.0928714843
0.0933153896
0.0937437746
0.0941428690
0.0944998686
0.0947967610
0.0950200755
0.0951731195
0.0952687860
0.0953190761
0.0953347493
0.0953179906
0.0952536863
0.0951240264
0.0949280921
0.0946764414
0.0943785629
0.0940436959
0.0936750553
0.0932526593
0.0927437120
0.0921428113
0.0914840249
0.0908068638
0.0901208833
0.0894036858
0.0886344983
0.0878272482
0.0870136370
0.0862099697
0.0854036448
0.0845675327
0.0836841163
0.0827529898
0.0817763487
0.0807466318
0.0796582275
0.0785306802
0.0774080780
0.0763268659
0.0752864656
0.0742491589
0.0731653422
0.0720101828
0.0708041516
0.0695924201
0.0684054663
0.0672467144
0.0661076929
0.0649772094
0.0638405461
0.0626876790
0.0615238515
0.0603633404
0.0592159680
0.0580878970
0.0569887539
0.0559230135
0.0548769416
0.0538287603
0.0527730799
0.0517267299
0.0507094704
0.0497242100
0.0487552592
0.0477831100
0.0468044813
0.0458342013
0.0448885770
0.0439686033
0.0430582153
0.0421409823
0.0412180450
0.0403054829
0.0394164227
0.0385521594
0.0377062216
0.0368709769
0.0360444921
0.0352315685
0.0344344743
0.0336489223
0.0328750190
0.0321226661
0.0313969836
0.0306875086
0.0299814091
0.0292784293
0.0285842216
0.0278982183
0.0272174623
0.0265474340
0.0259016456
0.0252905221
0.0247127049
0.0241547529
0.0235975165
0.0230272829
0.0224454966
0.0218672171
0.0213066722
0.0207647473
0.0202350483
0.0197184953
0.0192233922
0.0187535527
0.0183016099
0.0178518494
0.0173922985
0.0169267442
0.0164703342
0.0160341219
0.0156157012
0.0152046855
0.0147956308
0.0143930955
0.0140039073
0.0136278578
0.0132589446
0.0128944981
0.0125387510
0.0121966297
0.0118680307
0.0115486789
0.0112330460
0.0109165854
0.0105987928
0.0102850782
0.0099827847
0.0096936973
0.0094133059
0.0091390341
0.0088750953
0.0086278458
0.0084003976
0.0081899563
0.0079849099
0.0077674576
0.0075255839
0.0072641354
0.0070035005
0.0067655165
0.0065572221
0.0063677223
0.0061809171
0.0059896866
0.0057974042
0.0056107044
0.0054329892
0.0052634994
0.0051003293
0.0049409697
0.0047816383
0.0046205393
0.0044602210
0.0043043501
0.0041547740
0.0040123114
0.0038772957
0.0037486204
0.0036237991
0.0035011316
0.0033820865
0.0032702824
0.0031668335
0.0030679039
0.0029686066
0.0028687062
0.0027728527
0.0026847780
0.0026023461
0.0025197680
0.0024340179
0.0023473395
0.0022642421
0.0021868752
0.0021126158
0.0020371792
0.0019605048
0.0018873971
0.0018218060
0.0017623992
0.0017043431
0.0016438078
0.0015812156
0.0015204733
0.0014641966
0.0014106284
0.0013567504
0.0013026327
0.0012514028
0.0012061330
0.0011666496
0.0011290316
0.0010895813
0.0010488889
0.0010100761
0.0009740866
0.0009391433
0.0009041357
0.0008702333
0.0008387930
0.0008090213
0.0007789889
0.0007486354
0.0007199900
0.0006940409
0.0006692361
0.0006436343
0.0006168297
0.0005895789
0.0005632802
0.0005396340
0.0005191189
0.0005000275
0.0004802148
0.0004593153
0.0004384638
0.0004188796
0.0004014570
0.0003865473
0.0003732178
0.0003592675
0.0003429595
0.0003250797
0.0003078018
0.0002922207
0.0002782303
0.0002660342
0.0002560611
0.0002478824
0.0002401478
0.0002315616
0.0002218576
0.0002116311
0.0002011966
0.0001901582
0.0001783989
0.0001669407
0.0001572317
0.0001497926
0.0001438004
0.0001377362
0.0001305450
0.0001225983
0.0001154285
0.0001102156
0.0001066252
0.0001032815
0.0000992257
0.0000946181
0.0000900572
0.0000857246
0.0000814241
0.0000770842
0.0000729402
0.0000692566
0.0000659132
0.0000624371
0.0000587295
0.0000554472
0.0000530018
0.0000506594
0.0000476345
0.0000443932
0.0000417772
0.0000396293
0.0000371581
0.0000342312
0.0000315750
0.0000298270
0.0000288060
0.0000278666
0.0000267335
0.0000255886
0.0000245642
0.0000236488
0.0000228580
0.0000220896
0.0000210023
0.0000193140
0.0000171367
0.0000149365
0.0000132312
0.0000122986
0.0000120255
0.0000119798
0.0000117099
0.0000110634
0.0000102655
0.0000096633
0.0000093061
0.0000088431
0.0000079700
0.0000068430
0.0000058538
0.0000051566
0.0000046558
0.0000042963
0.0000040993
0.0000040389
0.0000040825
0.0000041949
0.0000042353
0.0000040713
0.0000037357
0.0000033401
0.0000029434
0.0000025683
0.0000022574
0.0000020656
0.0000020058
0.0000020077
0.0000019670
0.0000018568
0.0000017320
0.0000016312
0.0000015457
0.0000014699
0.0000014154
0.0000013859
0.0000013698
0.0000013387
0.0000012422
0.0000010516
0.0000008257
0.0000006783
0.0000006565
0.0000007001
0.0000007391
0.0000007675
0.0000007964
0.0000007896
0.0000006989
0.0000005394
0.0000003863
0.0000002992
0.0000002805
0.0000003012
0.0000003242
0.0000003055
0.0000002318
0.0000001576
0.0000001447
0.0000001962
0.0000002543
0.0000002557
0.0000001921
0.0000001095
0.0000000565
0.0000000545
0.0000001037
0.0000001831
0.0000002466
0.0000002491
0.0000001891
0.0000001079
0.0000000460
0.0000000145
0.0000000033
