0
0
0
0
0
0
0
0
0
0
0
0
0
0
0
0
0
0
0
0
0
0
0
0
0
0
0
0
0
0
0.012225
0
0
0.657075
0.40905
0.424325
0.417175
0.144725
0.47935
0.7356
0.00145
0.70255
0.011725
5e-04
0
0
0
0
0
0
0
0
0
0
0
0
0
0
0
0
0
0
0
0.026075
0.035225
0
0
0.0383
0.016875
0
0
0.192025
0
0
0.092825
0.75045
0.000125
0.00435
0.83225
0.63405
0.4887
0.003675
0.00045
0.3337
0
0
0
0
0
0
0
0
0
0
0
0
0
0
0
0
0
0
0
0
0.003025
0
0.037625
0.026225
0
0.038875
0.09905
0
0
0.25615
0
0
0.006525
0.118975
0
0
0.04835
0.024175
0.0016
0
0
0
0
0
0
0
0
0
0
0
0
0
0
0
0
0
0
0
0
0
0
0
0
0
0
0
0
0.001475
0.01555
0.023675
0
0
0.04335
0.17505
0
0
0.158125
0
0
0
0.04025
0
0
0.051125
0.008025
0
0
0
0
0
0
0
0
0
0
0
0
0
0
0
0
0
0
0
0
0
0
0
0
7.5e-05
0
0.003325
0
0
0
0.009925
0
0
0.015275
0
0
0.00225
0.015775
0
0
0.001725
0
