0.000325
0
0
0.04275
0.07405
0.00185
1e-04
0
0
0
0
0
0
0
0
0
0
0
0
0
0
0
0
0
0
0
0
0.00045
0
0
0.022325
0.058
0.001275
0.588375
0.49135
0.4142
0.322825
0.1421
0.357
0.618975
0.0085
0.558425
0.005225
0.0029
0
0
0.00015
0
0
0
0
0
0
0
0
0
0
0
0
0
0
0
0
0.0328
0.035325
0
0
0.07275
0.008025
0
0
0.311625
0
0
0.1014
0.680025
0.000175
0.00965
0.715625
0.506225
0.347475
0.011075
0.004175
0.2176
2.5e-05
0.0046
0
0
7.5e-05
0
0
0
0
0
0
0
0
0
0
0
0
0
0
0
0.025475
0
0.05495
0.034225
0
0.130925
0.215175
0
0
0.37325
0
0
0.001925
0.0861
0
0
0.0104
0.00985
0.004725
0.000325
0.0042
0.004975
0
0
0.001075
0
0
0
0
0
0
0
0
0
0
0
0
0
0
0
0
0
0
0
0.000525
0
0.000325
0.0019
0.0033
0.00445
0
0
0.024825
0.25885
0
0
0.12885
0
0
2.5e-05
0.014325
0
0
0.045775
0.00285
9e-04
1e-04
0
0
0
0
0
0
0
0
0
0
0
0
0
0
0
0
0
0
0
0
2.5e-05
0.00025
0.000475
0.001525
0.00565
0
0.00015
0.003425
0.01315
0
6e-04
0.0368
0
0
0.00595
0.031875
0
0
0.00575
0
