0.003575
0
0.000525
0
0
0
0
0
0
0
0
0
0
0
0
0
0
0
0
0
0
0
0
0
0
0
0
0.001775
0
0
0.018825
0.003475
0
0.437425
0.302675
0.251275
0.2647
0.0517
0.279625
0.501275
0.00015
0.48985
0.006175
0
0
0
0
0
0
0
0
0
0
0
0
0
0
0
0
0
0
0
0
0.015475
0.019225
0
0
0.02565
0.010925
0
0
0.223825
0
0
0.0857
0.5817
0.001475
0.05105
0.74735
0.505175
0.348725
0.014975
0.0022
0.13515
2.5e-05
0
0
0
0
0
0
0
0
0
0
0
0
0
0
0
0
0
0
0
0.011275
0
0.0271
0.01645
0
0.035025
0.09545
0
0
0.342825
0
0
0.02985
0.2193
0
7.5e-05
0.149925
0.12085
0.009625
0.006225
0
0
0
0
0
0
0
0
0
0
0
0
0
0
0
0
0
0
0
0
0
0
0
0
0
0
0
8e-04
0.01115
0.017525
0
0
0.044
0.186925
0
0
0.3129
0
0
0.002525
0.12535
0
0
0.167875
0.016375
0
0.006725
2.5e-05
0
0
0
0
0
0
0
0
0
0
0
0
0
0
0
0
0
0
0
0
0
7.5e-05
0
0.0128
0
2.5e-05
0.014325
0.01735
0
0.009525
0.06815
0
0
0.0059
0.093275
0
0.000325
0.00265
0
