0.000475
0
0
0.037175
0.076225
0.00135
0
0
0
0
0
0
0
0
0
0
0
0
0
0
0
0
0
0
0
0
0
0.000875
0
0
0.007
0.0464
0.001
0.580675
0.4516
0.27845
0.29295
0.140425
0.3023
0.627125
0.000875
0.6151
0.01255
2.5e-05
0
0.0023
0.00145
0
0
0
0
0
0
0
0
0
0
0
0
0
0
0
0
0.019825
0.026375
0
0
0.030775
0.00385
0
0
0.386525
0
0
0.250975
0.70015
0.000875
0.001
0.724525
0.518175
0.218475
0.03395
0.02705
0.1106
0.000125
0.02565
0.00355
0
0.00055
0.001425
0
0
0
0
0
0
0
0
0
0
0
0
0
0
0.006575
0
0.03155
0.023075
0
0.059975
0.17615
0
0
0.457925
0
0
0.00135
0.1754
0
0
0.010375
0.039175
0.025725
0.0049
0.0234
0.030225
0
0
0.0033
0
0
0
0
0
0
0
0
0
0
0
0
0
0
0
0
0
0
0
0
0
0
4e-04
0.011575
0.01415
0
0
0.034225
0.2086
0
0
0.14865
0
0
0.002575
0.00975
0
0
0.02545
0.00385
0
0.000425
2.5e-05
0
0
0
0
0
0
0
0
0
0
0
0
0
0
0
0
0
0
0
0
0
5e-05
0.00275
0.0057
0
0.000325
0.004725
0.008525
0
0.00195
0.018175
0
0
0.00125
0.013825
0
0
0
0
