0.002825
0
5e-05
0.0059
0.003925
2.5e-05
0
0
0
0
0
0
0
0
0
0
0
0
0
0
0
0
0
0
0
0
0
0
0
0
0.0308
0.008775
0.0019
0.647625
0.531025
0.439925
0.452275
0.113925
0.4404
0.693925
0.0033
0.656225
0.015625
0.00105
0
0
0
0
0
0
0
0
0
0
0
0
0
0
0
0
0
0
0
0.039725
0.050125
0
0
0.069
0.026975
0
0
0.3748
0
0
0.109225
0.7757
0.000675
1e-04
0.811825
0.5638
0.3657
0.004225
0.00105
0.2899
0
0
0
0
0
0
0
0
0
0
0
0
0
0
0
0
0
0
0
0
0.008925
0
0.070725
0.037325
0
0.12555
0.191425
0
0
0.362475
0
0
0.00065
0.03425
0
0
0.009325
0.009875
1e-04
0
0
0
0
0
0
0
0
0
0
0
0
0
0
0
0
0
0
0
0
0
0
0
0
0
0
0
0
8e-04
0.006375
0.0089
5e-05
0
0.02045
0.250725
0
0
0.074925
0
0
2.5e-05
0.0066
0
0
0.012125
0.001575
0
0
0
0
0
0
0
0
0
0
0
0
0
0
0
0
0
0
0
0
0
0
0
0
0.00025
0.0073
0.013075
0
0.003
0.008125
0.0013
0
0.0011
0.00575
0
0
0
0.003525
0
0
0
0
