0.001075
0
0
0.00085
0.00015
0
0
0
0
0
0
0
0
0
0
0
0
0
0
0
0
0
0
0
0
0
0
0.000475
0
0
0.018425
0.007075
0
0.103625
0.1052
0.080125
0.103
0.020325
0.09515
0.14225
0.001125
0.134075
0.00235
7.5e-05
0
0
0
0
0
0
0
0
0
0
0
0
0
0
0
0
0
0
0
0.000125
0.000975
0
0
0.009875
0.00085
0
0
0.2045
0
0
0.127725
0.192025
0
0.1409
0.469825
0.276675
0.1387
0.04475
0.014
0.0758
0.002825
0.010775
0
0
0
0
0
0
0
0
0
0
0
0
0
0
0
0
0
0
0
0
0.009625
0
0
0.09815
0.165
0
0
0.2618
5e-05
0
0.088925
0.309225
0
0.00015
0.5568
0.3607
0.037125
0.020475
0.010125
0.014525
0
0
0
0
0
0
0
0
0
0
0
0
0
0
0
0
0
0
0
0
0
0
0
0
0
0.000575
0.016
0.02015
5e-05
0
0.045775
0.1846
0
0
0.590325
0
0
1e-04
0.464725
0
0
0.5469
0.09175
0.001275
0.0216
0.004075
0
0
0
0
0
0
0
0
0
0
0
0
0
0
0
0
0
0
0
0
0
7e-04
0.0016
0.009825
0
0
7.5e-05
0.03115
0
0
0.1471
0
0
0.0025
0.17495
0
5e-05
0.00295
0
