0.0073
0
2.5e-05
0.0486
0.0754
0.00265
0
0
0
0
0
0
0
0
0
0
0
0
0
0
0
0
0
0
0
0
0
0.00015
0
0
0.0184
0.06255
0.000775
0.39085
0.328675
0.292
0.331525
0.147575
0.3401
0.474575
0.000575
0.463225
0.0133
0.000525
0
1e-04
0.000275
0
0
0
0
0
0
0
0
0
0
0
0
0
0
0
0
0.036775
0.0473
0
0
0.056375
0.01045
0
0
0.20455
0
0
0.08075
0.5035
0.00665
0.0035
0.599525
0.431475
0.26015
0.023275
0.020125
0.120575
0.00015
0.0174
1e-04
0
0.003475
0.000775
0
0
0
0
0
0
0
0
0
0
0
0
0
0
0.00535
0
0.06035
0.0341
0
0.023025
0.0365
0
0
0.278075
0
0
0.00225
0.12155
0
0
0.0386
0.06315
0.017375
0.0023
0.01645
0.01805
0
0
0.0036
0
0
0
0
0
0
0
0
0
0
0
0
0
0
0
0
0
0
0
0
0.000175
4e-04
0.005325
0.049075
0.05875
0.000175
0
0.109375
0.12385
0
0
0.174125
0
0
0
0.027875
0
0
0.050975
0.00355
0
5e-05
0
0
0
0
0
0
0
0
0
0
0
0
0
0
0
0
0
0
0
0
0
0.00045
0.00315
0.0026
0.046975
0
0
5e-05
0.0123
0
2.5e-05
0.019475
0
0
0.0108
0.018325
0
0
0.00495
0
