3e-04
0
0
0.048325
0.08855
0.000525
0
0
0
0
0
0
0
0
0
0
0
0
0
0
0
0
0
5e-05
0
0
0
0.000125
0
0
0.01005
0.0591
0.0042
0.515725
0.33745
0.302325
0.249375
0.165625
0.343875
0.5811
0.017525
0.557025
0.015575
0.006225
0
0
7.5e-05
0
0
0
0
0
0
0
0
0
0
0
0
0
0
0
0
0.0154
0.021325
0
0
0.028075
0.007
0
0
0.309075
0
0
0.112525
0.58925
0.00035
0.000125
0.67795
0.50045
0.332675
0.05005
0.02785
0.15675
0
0.029675
0.000675
0
0.0012
0.00035
0
0
0
0
0
0
0
0
0
0
0
0
0
0
0.002675
2.5e-05
0.025125
0.018525
0
0.128325
0.204275
0
0
0.3837
0
0
0.0015
0.101825
0
0
0.019475
0.05895
0.03985
0.0128
0.0246
0.0401
0
0.00035
0.004275
0
0
0
0
0
0
0
0
0
0
0
0
0
0
0
0
0
0
0
0
0
5e-05
0.002925
0.0091
0.00885
2.5e-05
0
0.03975
0.26795
0
0
0.16705
0
0
7.5e-05
0.00765
0
0
0.029775
0.014975
0.000225
0.00955
0.00585
0
0
0
0
0
0
0
0
0
0
0
0
0
0
0
0
0
0
0
0
0
0.000425
0.00095
0.00635
0
0.001325
0.015075
0.0113
0
0.01405
0.023
0
0
0.00875
0.00995
0
0
7.5e-05
0
