0.00285
0
2.5e-05
0.038875
0.0802
0.00245
2.5e-05
0.00015
0
0
0
0
0
0
0
0
0
0
0
0
0
0
0
0
0
0
0
0.00615
0
0
0.0218
0.056875
0.00135
0.398625
0.354775
0.309425
0.262825
0.146275
0.271775
0.43145
0.013125
0.4005
0.01555
0.01045
0
0
0.00115
0
0
0
0
0
0
0
0
0
0
0
0
0
0
0
0
0.058375
0.072775
0
0
0.0805
0.028
0
0
0.20795
0
0
0.10015
0.488225
7e-04
0.055225
0.62075
0.35265
0.149725
0.012525
0.0113
0.11275
0.000425
0.010975
0
0
0.0038
0.00055
0
0
0
0
0
0
0
0
0
0
0
0
0
0
0.019175
0
0.080675
0.0567
0
0.010875
0.022825
0
0
0.33715
0
0
0.02615
0.2643
0
0
0.152025
0.1336
0.0107
0.002125
0.010975
0.01145
0
0
0.0069
0
0
0
0
0
0
0
0
0
0
0
0
0
0
0
0
0
0
0
0
0
0
0.00125
0.014025
0.015175
0
0
0.0355
0.0929
0
0
0.300375
0
0
0.000375
0.126275
0
0
0.1833
0.00475
0.00015
5e-05
0
0
0
0
0
0
0
0
0
0
0
0
0
0
0
0
0
0
0
0
0
2.5e-05
0.00025
0.0151
0.016225
0
0.009825
0.01675
0.010975
0
0.011
0.070075
0
0
0.007725
0.063975
0
0
0.00665
0
