0.000675
0
0
0
0
0
0
0
0
0
0
0
0
0
0
0
0
0
0
0
0
0
0
0
0
0
0
0
0
0
0.0228
0.00455
0
0.254475
0.224475
0.1894
0.229675
0.0534
0.235425
0.333675
0.00195
0.3065
0.006
0.000625
0
0
0.000225
0
0
0
0
0
0
0
0
0
0
0
0
0
0
0
0
0.00095
0.002075
0
0
0.022075
5e-04
0
0
0.18795
0
0
0.055875
0.3497
0.000175
0.171325
0.6766
0.39405
0.24285
0.012525
0.00075
0.134425
5e-04
0.00015
0
0
0
0
0
0
0
0
0
0
0
0
0
0
0
0
0
0
2.5e-05
0
0.02405
0.000125
0
0.066
0.089875
0
0
0.31185
0
0
0.074225
0.331025
0
0
0.314475
0.21335
0.00475
5e-05
0
0.000125
0
0
0
0
0
0
0
0
0
0
0
0
0
0
0
0
0
0
0
0
0
0
0
0
0
6e-04
0.02695
0.042375
7.5e-05
0
0.0739
0.1827
0
0
0.42635
0
0
0.0149
0.23325
0
0
0.27635
0.012125
0
2.5e-05
0
0
0
0
0
0
0
0
0
0
0
0
0
0
0
0
0
0
0
0
0
0.000125
0.000775
0.000625
0.015175
0
0
0.009175
0.0253
0
0.0042
0.083325
0
0
0.00375
0.0906
0
0
0.002125
0
