0.0000032473
0.0000052256
0.0000082678
0.0000128569
0.0000196518
0.0000295409
0.0000436771
0.0000635634
0.0000919953
0.0001309633
0.0001833183
0.0002525091
0.0003425260
0.0004584829
0.0006057836
0.0007902547
0.0010189039
0.0012991723
0.0016391989
0.0020520786
0.0025470692
0.0031310909
0.0038176382
0.0046124447
0.0055228836
0.0065548109
0.0077120533
0.0089957505
0.0104041741
0.0119322430
0.0135759871
0.0153277031
0.0171639823
0.0190695491
0.0210284390
0.0230244758
0.0250419422
0.0270660528
0.0290814637
0.0310776569
0.0330424183
0.0349661744
0.0368382598
0.0386549597
0.0404110987
0.0421026313
0.0437257388
0.0452796906
0.0467606204
0.0481759410
0.0495303174
0.0508296869
0.0520821187
0.0532964101
0.0544807000
0.0556413445
0.0567830744
0.0579072118
0.0590181466
0.0601130414
0.0611873009
0.0622334082
0.0632412832
0.0641993264
0.0650895632
0.0658941865
0.0666072501
0.0672217366
0.0677328900
0.0681435863
0.0684609006
0.0686960638
0.0688656971
0.0689950887
0.0691095437
0.0692378628
0.0694124113
0.0696562730
0.0699879233
0.0704203133
0.0709584102
0.0716083351
0.0723673805
0.0732312722
0.0741947755
0.0752537157
0.0764055988
0.0776598522
0.0790153662
0.0804791309
0.0820610098
0.0837713979
0.0856168581
0.0876125611
0.0897661115
0.0920788778
0.0945501288
0.0971752180
0.0999500820
0.1028595016
0.1058871137
0.1090198941
0.1122484930
0.1155588272
0.1189414241
0.1223888867
0.1258969987
0.1294633316
0.1330860399
0.1367651592
0.1405007764
0.1442783949
0.1480903981
0.1519243740
0.1557657303
0.1596007138
0.1634135858
0.1671891160
0.1709140306
0.1745761972
0.1781703913
0.1816914128
0.1851486616
0.1885566416
0.1919333909
0.1953006680
0.1986824097
0.2021006848
0.2055720143
0.2091122602
0.2127251918
0.2164052067
0.2201406713
0.2238946863
0.2276274132
0.2312982203
0.2348649491
0.2382923640
0.2415525162
0.2446266678
0.2475068311
0.2501956627
0.2527062363
0.2550536514
0.2572676429
0.2593895415
0.2614438502
0.2634518762
0.2654281849
0.2673820176
0.2693150329
0.2712332911
0.2731361787
0.2750310273
0.2769270338
0.2788367034
0.2807765784
0.2827695617
0.2848410691
0.2870176819
0.2893251558
0.2917792069
0.2943894631
0.2971529258
0.3000575326
0.3030809471
0.3061894449
0.3093379678
0.3124829531
0.3155840926
0.3186003638
0.3214963814
0.3242493545
0.3268436691
0.3292729166
0.3315379273
0.3336453237
0.3355976687
0.3374112250
0.3391067378
0.3406929542
0.3421771782
0.3435705036
0.3448809605
0.3461164009
0.3472847235
0.3483938530
0.3494512738
0.3504620477
0.3514306210
0.3523626538
0.3532597630
0.3541203600
0.3549407765
0.3557155797
0.3564381341
0.3570982968
0.3576871120
0.3581975842
0.3586239899
0.3589539072
0.3591862433
0.3593189899
0.3593530980
0.3592930406
0.3591467286
0.3589325678
0.3586699902
0.3583849534
0.3581050237
0.3578621167
0.3576969078
0.3576470322
0.3577415839
0.3580093564
0.3584643580
0.3591149773
0.3599601610
0.3609892268
0.3621896594
0.3635416482
0.3650217909
0.3666095543
0.3682758676
0.3699929103
0.3717425995
0.3735105066
0.3752868973
0.3770662393
0.3788468853
0.3806325153
0.3824347120
0.3842718011
0.3861688360
0.3881655557
0.3902960698
0.3926000368
0.3951180043
0.3978881126
0.4009473253
0.4043205559
0.4080249446
0.4120659982
0.4164358635
0.4211124930
0.4260782493
0.4312592247
0.4365871558
0.4419978394
0.4474327133
0.4528399983
0.4581794102
0.4634260286
0.4685722034
0.4736277995
0.4786187258
0.4835848883
0.4885837225
0.4936673859
0.4988819972
0.5042665716
0.5098511938
0.5156566260
0.5216951819
0.5279721205
0.5344911479
0.5412494545
0.5482500513
0.5555073563
0.5630029670
0.5707370587
0.5787083747
0.5869137663
0.5953449580
0.6040048100
0.6128837036
0.6219777265
0.6312900475
0.6408267482
0.6506235401
0.6606732063
0.6709837898
0.6815635073
0.6924091716
0.7035061428
0.7148293302
0.7263437960
0.7380057646
0.7497643801
0.7615663540
0.7733530433
0.7850763122
0.7967085837
0.8082353665
0.8196556268
0.8309808009
0.8422332748
0.8534425855
0.8646358497
0.8758419295
0.8870906121
0.8983968095
0.9097575755
0.9211418517
0.9325128031
0.9438233890
0.9550200643
0.9660440421
0.9768513850
0.9873980685
0.9976489244
1.0075790419
1.0171722360
1.0263936137
1.0352736606
1.0438220800
1.0520523588
1.0599732824
1.0675969669
1.0749327229
1.0819870102
1.0887629768
1.0952598436
1.1014754927
1.1073727182
1.1129454305
1.1181928695
1.1230998752
1.1276558113
1.1318557199
1.1357017874
1.1392037798
1.1423862561
1.1452599879
1.1478405032
1.1501431712
1.1521636703
1.1539100434
1.1553493782
1.1564285404
1.1570771340
1.1572088291
1.1567362398
1.1555754061
1.1536342928
1.1508520723
1.1471755663
1.1425393407
1.1370654673
1.1308063768
1.1238397462
1.1162495614
1.1081199285
1.0994956330
1.0904450883
1.0810143433
1.0712250884
1.0610718842
1.0505212288
1.0395798141
1.0282337905
1.0164717459
1.0042796663
0.9916501714
0.9786045794
0.9651580661
0.9513301879
0.9371610646
0.9226867613
0.9079220250
0.8929021332
0.8776641727
0.8622349262
0.8466408671
0.8309007359
0.8150406189
0.7990794186
0.7830283282
0.7668921080
0.7506732456
0.7343697028
0.7179782463
0.7015008323
0.6849399140
0.6683028928
0.6515965119
0.6348336696
0.6180268370
0.6011939628
0.5843518533
0.5675168362
0.5507015351
0.5339414664
0.5172407494
0.5006165987
0.4840872841
0.4676783589
0.4514235393
0.4353548841
0.4195047356
0.4039092618
0.3886030314
0.3736144939
0.3589988672
0.3447516653
0.3308726610
0.3173618507
0.3042119617
0.2914115327
0.2789419282
0.2667834570
0.2549155911
0.2433214120
0.2319806027
0.2209009731
0.2100829879
0.1995227624
0.1892248930
0.1792020442
0.1694703200
0.1600495947
0.1509575676
0.1422128847
0.1338379858
0.1258528889
0.1182730068
0.1111209205
0.1043576869
0.0979710372
0.0919488879
0.0862698593
0.0809186030
0.0758761146
0.0711329629
0.0666582490
0.0624346446
0.0584459263
0.0546942597
0.0511534257
0.0478070319
0.0446494390
0.0416779184
0.0388799286
0.0362422956
0.0337552487
0.0314077403
0.0291909035
0.0270945075
0.0251144742
0.0232450857
0.0214803036
0.0198104613
0.0182332226
0.0167471178
0.0153511880
0.0140454661
0.0128283012
0.0116989541
0.0106587046
0.0097031551
0.0088302982
0.0080302659
0.0072979066
0.0066284204
0.0060171107
0.0054590462
0.0049518822
0.0044920133
0.0040740548
0.0036943130
0.0033496243
0.0030387726
0.0027566061
0.0025001267
0.0022666153
0.0020553277
0.0018616550
0.0016834440
0.0015188369
0.0013660478
0.0012241567
0.0010922885
0.0009700548
0.0008575587
0.0007541525
0.0006594118
0.0005733070
0.0004957663
0.0004266489
0.0003656511
0.0003123360
0.0002660565
0.0002263421
0.0001921387
0.0001626499
0.0001369326
0.0001143892
0.0000945767
0.0000772666
0.0000622439
0.0000493059
0.0000383598
0.0000292656
0.0000218644
0.0000159861
0.0000114907
0.0000080707
0.0000055342
0.0000037225
0.0000024402
0.0000015583
0.0000009683
