0.0000020440
0.0000034463
0.0000056716
0.0000091184
0.0000143336
0.0000220501
0.0000332265
0.0000490893
0.0000720168
0.0001037038
0.0001465354
0.0002034023
0.0002776617
0.0003731649
0.0004942817
0.0006459225
0.0008335519
0.0010631866
0.0013413696
0.0016793442
0.0020843430
0.0025614209
0.0031176365
0.0037593283
0.0044916989
0.0053183978
0.0062411411
0.0072594057
0.0083702356
0.0095681888
0.0108477800
0.0121998079
0.0136065581
0.0150554021
0.0165336825
0.0180293241
0.0195313538
0.0210302855
0.0225183445
0.0239895213
0.0254394710
0.0268652052
0.0282622476
0.0296324849
0.0309758536
0.0322928367
0.0335845321
0.0348527691
0.0361002143
0.0373304140
0.0385477281
0.0397571294
0.0409638632
0.0421735599
0.0433906565
0.0446172949
0.0458536420
0.0470974796
0.0483440105
0.0495858191
0.0508129983
0.0520134531
0.0531733814
0.0542779333
0.0553078506
0.0562458448
0.0570849517
0.0578175074
0.0584402799
0.0589551371
0.0593693985
0.0596958064
0.0599520793
0.0601600422
0.0603443712
0.0605315548
0.0607524765
0.0610286681
0.0613776117
0.0618118325
0.0623388329
0.0629615925
0.0636795463
0.0644899018
0.0653891113
0.0663743036
0.0674444772
0.0686099451
0.0698696592
0.0712299421
0.0726992965
0.0742858484
0.0759960494
0.0778335533
0.0797984082
0.0818866635
0.0840904420
0.0863984752
0.0888015642
0.0912809949
0.0938188550
0.0964036865
0.0990273677
0.1016857098
0.1043786150
0.1071097809
0.1098859787
0.1127159725
0.1156091862
0.1185766505
0.1216287063
0.1247610933
0.1279706990
0.1312499806
0.1345873761
0.1379680982
0.1413752457
0.1447911561
0.1481989176
0.1515839548
0.1549355871
0.1582447032
0.1615187212
0.1647685097
0.1680111873
0.1712686758
0.1745654782
0.1779258735
0.1813707843
0.1849146422
0.1885626161
0.1923085728
0.1961371615
0.2000075941
0.2038748198
0.2076919085
0.2114119533
0.2149924864
0.2183994550
0.2216103285
0.2246159963
0.2274212484
0.2300437802
0.2325068519
0.2348500147
0.2371205440
0.2393529464
0.2415758882
0.2438105576
0.2460702024
0.2483607524
0.2506823169
0.2530312642
0.2554025442
0.2577921293
0.2602002237
0.2626288421
0.2650854636
0.2675803222
0.2701248679
0.2727298774
0.2754034303
0.2781489784
0.2809637328
0.2838375805
0.2867527036
0.2896820251
0.2925884891
0.2954372065
0.2981941991
0.3008288387
0.3033160709
0.3056379351
0.3077842409
0.3097523822
0.3115463883
0.3131754201
0.3146441484
0.3159704458
0.3171760519
0.3182745428
0.3192789432
0.3202020624
0.3210569045
0.3218569741
0.3226163463
0.3233494344
0.3240704559
0.3247930295
0.3255304767
0.3262900725
0.3270757608
0.3278879302
0.3287235754
0.3295766578
0.3304385964
0.3312988258
0.3321453773
0.3329654618
0.3337460531
0.3344677254
0.3351232529
0.3357042524
0.3362051450
0.3366242247
0.3369644098
0.3372338592
0.3374463716
0.3376214719
0.3377840951
0.3379637844
0.3381998180
0.3385295327
0.3389824516
0.3395850852
0.3403569633
0.3413091889
0.3424437783
0.3437538470
0.3452245882
0.3468348960
0.3485594085
0.3503729300
0.3522455461
0.3541472683
0.3560575517
0.3579602034
0.3598438397
0.3617022071
0.3635344254
0.3653451758
0.3671448278
0.3689494699
0.3707813076
0.3726767915
0.3746664199
0.3767863520
0.3790742254
0.3815672914
0.3843002404
0.3873028038
0.3905972738
0.3941961366
0.3981000674
0.4022965665
0.4067779523
0.4114806183
0.4163470712
0.4213215583
0.4263490269
0.4313800624
0.4363753604
0.4413092294
0.4461717263
0.4509691642
0.4557229165
0.4604687836
0.4652566776
0.4701314090
0.4751339020
0.4802985638
0.4856516294
0.4912109117
0.4969867745
0.5029839826
0.5092039710
0.5156470384
0.5223191027
0.5292369716
0.5363848471
0.5437654722
0.5513799880
0.5592273822
0.5673046760
0.5756078541
0.5841333462
0.5928797189
0.6018491410
0.6110481712
0.6205128016
0.6302358396
0.6402261280
0.6504890664
0.6610214790
0.6718095507
0.6828280390
0.6940409219
0.7054034525
0.7168654186
0.7283752570
0.7398814548
0.7513396670
0.7627263115
0.7740319608
0.7852614593
0.7964324294
0.8075724392
0.8187150850
0.8298953444
0.8411446421
0.8524861331
0.8639341670
0.8754841236
0.8871028815
0.8987514967
0.9103814819
0.9219392247
0.9333705854
0.9446251010
0.9556593263
0.9664389968
0.9769398834
0.9871459609
0.9970216283
1.0065985144
1.0158808010
1.0248735593
1.0335812899
1.0420068016
1.0501503642
1.0580090825
1.0655764682
1.0728422336
1.0797923754
1.0863807362
1.0926031930
1.0984493413
1.1039025070
1.1089505975
1.1135875742
1.1178140629
1.1216368288
1.1250669759
1.1281168982
1.1307961988
1.1330878467
1.1349728755
1.1364388482
1.1374337240
1.1378888731
1.1377230313
1.1368482312
1.1351771513
1.1326311419
1.1291480772
1.1246891495
1.1192260813
1.1127190918
1.1053158748
1.0970979656
1.0881609286
1.0786057775
1.0685305136
1.0580226839
1.0471536963
1.0359754025
1.0245191831
1.0127974705
1.0007802879
0.9884739412
0.9758649355
0.9629388694
0.9496867613
0.9361064074
0.9222024061
0.9079851780
0.8934694102
0.8786723716
0.8636124859
0.8482943395
0.8327444128
0.8169922739
0.8010571607
0.7849585886
0.7687158636
0.7523473204
0.7358694702
0.7192962874
0.7026388533
0.6859055218
0.6691006515
0.6522283134
0.6353011854
0.6183295443
0.6013270945
0.5843109373
0.5673009917
0.5503190332
0.5333875787
0.5165288503
0.4997640329
0.4831130778
0.4666112055
0.4502646455
0.4340927299
0.4181165029
0.4023591407
0.3868459307
0.3716037829
0.3566603110
0.3420425734
0.3277756035
0.3138808887
0.3004057615
0.2873423292
0.2746796560
0.2624121728
0.2505285653
0.2390129723
0.2278464796
0.2170087751
0.2064798279
0.1962414591
0.1862786934
0.1765926727
0.1671819713
0.1580316918
0.1491480996
0.1405415475
0.1322254987
0.1242153291
0.1165269813
0.1091755559
0.1021739406
0.0955315859
0.0892587811
0.0833832626
0.0778639225
0.0726890876
0.0678434448
0.0633090903
0.0590666318
0.0550962353
0.0513785256
0.0478952789
0.0446298752
0.0415675037
0.0387111474
0.0360341302
0.0335233237
0.0311693783
0.0289631755
0.0268955597
0.0249571976
0.0231385803
0.0214301714
0.0198226820
0.0183074328
0.0168813545
0.0155364978
0.0142647683
0.0130637044
0.0119321719
0.0108699864
0.0098774618
0.0089549477
0.0081024156
0.0073191428
0.0066035268
0.0059547590
0.0053720039
0.0048459464
0.0043721978
0.0039463442
0.0035641145
0.0032214859
0.0029147307
0.0026404146
0.0023953613
0.0021766034
0.0019813331
0.0018087121
0.0016538167
0.0015142004
0.0013876542
0.0012721753
0.0011659988
0.0010676224
0.0009758200
0.0008896438
0.0008084135
0.0007316937
0.0006595694
0.0005918320
0.0005284047
0.0004693875
0.0004148627
0.0003648596
0.0003193319
0.0002781491
0.0002411018
0.0002079177
0.0001782859
0.0001520036
0.0001287878
0.0001081679
0.0000899285
0.0000738929
0.0000599134
0.0000478594
0.0000376055
0.0000290212
0.0000219648
0.0000162816
0.0000118157
0.0000084596
0.0000059271
0.0000040601
0.0000027168
0.0000017742
0.0000011299
0.0000007011
