0.0000017247
0.0000029430
0.0000049002
0.0000079549
0.0000126097
0.0000194998
0.0000295105
0.0000437248
0.0000644258
0.0000932632
0.0001323835
0.0001844771
0.0002527621
0.0003407480
0.0004519024
0.0005910978
0.0007634935
0.0009748473
0.0012309692
0.0015425537
0.0019167934
0.0023564208
0.0028671143
0.0034554905
0.0041262622
0.0048822454
0.0057238549
0.0066504782
0.0076570211
0.0087330938
0.0098759523
0.0110753718
0.0123135539
0.0135761094
0.0148494252
0.0161210203
0.0173711751
0.0185934235
0.0197798232
0.0209233095
0.0220185669
0.0230603586
0.0240438804
0.0249655468
0.0258249457
0.0266266334
0.0273726052
0.0280686709
0.0287178335
0.0293259123
0.0298995685
0.0304443374
0.0309753567
0.0315031114
0.0320371308
0.0325874655
0.0331591435
0.0337535591
0.0343703649
0.0350094286
0.0356660920
0.0363328630
0.0370002298
0.0376585116
0.0382953644
0.0388937279
0.0394500027
0.0399562914
0.0404100064
0.0408128075
0.0411708998
0.0414949945
0.0418026581
0.0421122473
0.0424369411
0.0427965257
0.0432145335
0.0437047214
0.0442764316
0.0449343917
0.0456806377
0.0465090236
0.0474136326
0.0483883464
0.0494278050
0.0505288372
0.0516929122
0.0529316393
0.0542455569
0.0556496322
0.0571562253
0.0587785726
0.0605280378
0.0624127373
0.0644432320
0.0666074313
0.0689054889
0.0713296927
0.0738694953
0.0765046028
0.0792159525
0.0819924244
0.0848260560
0.0877053355
0.0906294727
0.0935996545
0.0966197581
0.0996960597
0.1028360593
0.1060509491
0.1093478269
0.1127169330
0.1161520667
0.1196426037
0.1231752138
0.1267335573
0.1302993346
0.1338543374
0.1373767473
0.1408524284
0.1442710236
0.1476241119
0.1509261400
0.1541865831
0.1574176853
0.1606327220
0.1638611709
0.1671257395
0.1704452632
0.1738318761
0.1772892008
0.1808090873
0.1843674623
0.1879218563
0.1914307956
0.1948471641
0.1981243348
0.2012206124
0.2041008095
0.2067448785
0.2091487878
0.2113223140
0.2132890731
0.2150782054
0.2167358235
0.2183156817
0.2198595099
0.2214075672
0.2229914733
0.2246287812
0.2263312433
0.2281040169
0.2299474830
0.2318596444
0.2338379214
0.2358829063
0.2380039928
0.2401981563
0.2424730049
0.2448368523
0.2472963850
0.2498532020
0.2525085925
0.2552561479
0.2580880125
0.2609792857
0.2638961939
0.2667976333
0.2696418313
0.2723942611
0.2750232942
0.2775029564
0.2798154987
0.2819503592
0.2839025620
0.2856778707
0.2872877617
0.2887437443
0.2900687435
0.2912958170
0.2924405484
0.2935213498
0.2945555856
0.2955574159
0.2965447028
0.2975327118
0.2985361952
0.2995721436
0.3006439531
0.3017625206
0.3029265916
0.3041315428
0.3053707119
0.3066329691
0.3079049947
0.3091707082
0.3104120227
0.3116118015
0.3127532724
0.3138227094
0.3148009622
0.3156824255
0.3164616717
0.3171364468
0.3177091216
0.3181896240
0.3185864420
0.3189180801
0.3192075244
0.3194819913
0.3197726170
0.3201193376
0.3205622632
0.3211283186
0.3218404375
0.3227158219
0.3237635979
0.3249829847
0.3263644834
0.3278904122
0.3295369936
0.3312760252
0.3330810554
0.3349202115
0.3367649469
0.3385963815
0.3404002600
0.3421644817
0.3438874126
0.3455711625
0.3472234966
0.3488566754
0.3504897793
0.3521501104
0.3538750497
0.3556965975
0.3576519988
0.3597792742
0.3621154067
0.3646926552
0.3675351850
0.3706714093
0.3741106257
0.3778466929
0.3818628269
0.3861466754
0.3906298152
0.3952501029
0.3999400755
0.4046590390
0.4093487008
0.4139682524
0.4184931628
0.4229160050
0.4272467599
0.4315113039
0.4357539728
0.4400299249
0.4443843356
0.4488611111
0.4534967640
0.4583187234
0.4633451373
0.4685868654
0.4740521708
0.4797327338
0.4856296894
0.4917486171
0.4981066448
0.5046890569
0.5115004972
0.5185492218
0.5258346770
0.5333556967
0.5411152036
0.5491152210
0.5573591273
0.5658534447
0.5746106418
0.5836710146
0.5930258606
0.6026855562
0.6126553111
0.6229286061
0.6334888475
0.6443076014
0.6553504756
0.6665632014
0.6778908694
0.6892776227
0.7006657975
0.7120095459
0.7232830556
0.7344779003
0.7455964288
0.7566533724
0.7676766062
0.7787006637
0.7897631084
0.8008988817
0.8121337319
0.8234854307
0.8349517472
0.8465037073
0.8581069166
0.8697173665
0.8812876794
0.8927726221
0.9041219750
0.9152957150
0.9262629151
0.9370027691
0.9475001775
0.9577205859
0.9676958234
0.9774379514
0.9869485521
0.9962231324
1.0052619608
1.0140587852
1.0226020685
1.0308757987
1.0388598104
1.0465343469
1.0538250558
1.0607050161
1.0671430969
1.0730941702
1.0785185284
1.0833835613
1.0876735765
1.0913615077
1.0944368424
1.0969114355
1.0988001631
1.1000892488
1.1007733504
1.1008665301
1.1003295991
1.0991142862
1.0971510235
1.0943796244
1.0907342780
1.0861468098
1.0805728597
1.0739909134
1.0663754192
1.0576963542
1.0481084382
1.0377040216
1.0265925556
1.0148843304
1.0027005548
0.9901306111
0.9772514367
0.9641241928
0.9507889464
0.9372680741
0.9235380664
0.9096147896
0.8954968128
0.8811597115
0.8665963539
0.8518054470
0.8367916784
0.8215676899
0.8061474589
0.7905516642
0.7747921606
0.7588679660
0.7428041666
0.7266290779
0.7103608157
0.6940192423
0.6776304510
0.6612090219
0.6447646063
0.6283104418
0.6118567475
0.5954108543
0.5789762159
0.5625563733
0.5461709177
0.5298195789
0.5135119366
0.4972629286
0.4810902456
0.4650134152
0.4490534026
0.4332300244
0.4175647855
0.4020751103
0.3867899270
0.3717131856
0.3568618689
0.3422547280
0.3279111542
0.3138535475
0.3001069213
0.2867030016
0.2736585048
0.2609956284
0.2487330943
0.2369147049
0.2255287700
0.2145630576
0.2040106669
0.1938620927
0.1840967854
0.1746918479
0.1656240039
0.1568695838
0.1484068528
0.1402199294
0.1323065472
0.1246628486
0.1172712927
0.1101309641
0.1032445035
0.0966189496
0.0902684261
0.0842055510
0.0784414806
0.0729854632
0.0678458989
0.0630256053
0.0585463657
0.0543665917
0.0504777718
0.0468641047
0.0435076778
0.0403895440
0.0374906903
0.0347905536
0.0322684271
0.0299173022
0.0277241526
0.0256941283
0.0238027431
0.0220390330
0.0203937558
0.0188586730
0.0174291086
0.0160985670
0.0148589140
0.0137018972
0.0126193678
0.0116023517
0.0106479131
0.0097495313
0.0089021929
0.0081034462
0.0073527271
0.0066503950
0.0059969064
0.0053920101
0.0048357328
0.0043303990
0.0038752580
0.0034696047
0.0031132369
0.0027975051
0.0025175305
0.0022698163
0.0020512526
0.0018597551
0.0016921540
0.0015455493
0.0014174713
0.0013050717
0.0012061522
0.0011204475
0.0010445795
0.0009768270
0.0009153480
0.0008585701
0.0008050219
0.0007532406
0.0007028024
0.0006534391
0.0006049641
0.0005572874
0.0005108180
0.0004656502
0.0004217825
0.0003797588
0.0003399255
0.0003026470
0.0002680647
0.0002362214
0.0002070799
0.0001804952
0.0001563548
0.0001345482
0.0001150027
0.0000973679
0.0000814958
0.0000673297
0.0000548252
0.0000439584
0.0000346264
0.0000267465
0.0000202371
0.0000149748
0.0000108103
0.0000076871
0.0000053411
0.0000036165
0.0000023796
0.0000015177
0.0000009344
0.0000005515
