4.8041465439
4.8099712021
4.8157958603
4.8216205185
4.8274451768
4.8332698350
4.8390944932
4.8449191514
4.8507438096
4.8565684678
4.8623931260
4.8682177842
4.8740424424
4.8798671006
4.8856917588
4.8915164170
4.8973410752
4.9031657335
4.9089903917
4.9148150499
4.9206397081
4.9264643663
4.9322890245
4.9381136827
4.9439383409
4.9497629991
4.9555876573
4.9614123155
4.9672369737
4.9730616319
4.9788862902
4.9847109484
4.9905356066
4.9963602648
5.0021849230
5.0080095812
5.0138342394
5.0196588976
5.0254835558
5.0313082140
5.0371328722
5.0429575304
5.0487821886
5.0546068468
5.0604315051
5.0662561633
5.0720808215
5.0779054797
5.0837301379
5.0895547961
5.0953794543
5.1012041125
5.1070287707
5.1128534289
5.1186780871
5.1245027453
5.1303274035
5.1361520618
5.1419767200
5.1478013782
5.1536260364
5.1594506946
5.1652753528
5.1711000110
5.1769246692
5.1827493274
5.1885739856
5.1943986438
5.2002233020
5.2060479602
5.2118726184
5.2176972767
5.2235219349
5.2293465931
5.2351712513
5.2409959095
5.2468205677
5.2526452259
5.2584698841
5.2642945423
5.2701192005
5.2759438587
5.2817685169
5.2875931751
5.2934178334
5.2992424916
5.3050671498
5.3108918080
5.3167164662
5.3225411244
5.3283657826
5.3341904408
5.3400150990
5.3458397572
5.3516644154
5.3574890736
5.3633137318
5.3691383900
5.3749630483
5.3807877065
5.3866123647
5.3924370229
5.3982616811
5.4040863393
5.4099109975
5.4157356557
5.4215603139
5.4273849721
5.4332096303
5.4390342885
5.4448589467
5.4506836050
5.4565082632
5.4623329214
5.4681575796
5.4739822378
5.4798068960
5.4856315542
5.4914562124
5.4972808706
5.5031055288
5.5089301870
5.5147548452
5.5205795034
5.5264041616
5.5322288199
5.5380534781
5.5438781363
5.5497027945
5.5555274527
5.5613521109
5.5671767691
5.5730014273
5.5788260855
5.5846507437
5.5904754019
5.5963000601
5.6021247183
5.6079493766
5.6137740348
5.6195986930
5.6254233512
5.6312480094
5.6370726676
5.6428973258
5.6487219840
5.6545466422
5.6603713004
5.6661959586
5.6720206168
5.6778452750
5.6836699333
5.6894945915
5.6953192497
5.7011439079
5.7069685661
5.7127932243
5.7186178825
5.7244425407
5.7302671989
5.7360918571
5.7419165153
5.7477411735
5.7535658317
5.7593904899
5.7652151482
5.7710398064
5.7768644646
5.7826891228
5.7885137810
5.7943384392
5.8001630974
5.8059877556
5.8118124138
5.8176370720
5.8234617302
5.8292863884
5.8351110466
5.8409357049
5.8467603631
5.8525850213
5.8584096795
5.8642343377
5.8700589959
5.8758836541
5.8817083123
5.8875329705
5.8933576287
5.8991822869
5.9050069451
5.9108316033
5.9166562615
5.9224809198
5.9283055780
5.9341302362
5.9399548944
5.9457795526
5.9516042108
5.9574288690
5.9632535272
5.9690781854
5.9749028436
5.9807275018
5.9865521600
5.9923768182
5.9982014765
6.0040261347
6.0098507929
6.0156754511
6.0215001093
6.0273247675
6.0331494257
6.0389740839
6.0447987421
6.0506234003
6.0564480585
6.0622727167
6.0680973749
6.0739220331
6.0797466914
6.0855713496
6.0913960078
6.0972206660
6.1030453242
6.1088699824
6.1146946406
6.1205192988
6.1263439570
6.1321686152
6.1379932734
6.1438179316
6.1496425898
6.1554672481
6.1612919063
6.1671165645
6.1729412227
6.1787658809
6.1845905391
6.1904151973
6.1962398555
6.2020645137
6.2078891719
6.2137138301
6.2195384883
6.2253631465
6.2311878047
6.2370124630
6.2428371212
6.2486617794
6.2544864376
6.2603110958
6.2661357540
6.2719604122
6.2777850704
6.2836097286
6.2894343868
6.2952590450
6.3010837032
6.3069083614
6.3127330197
6.3185576779
6.3243823361
6.3302069943
6.3360316525
6.3418563107
6.3476809689
6.3535056271
6.3593302853
6.3651549435
6.3709796017
6.3768042599
6.3826289181
6.3884535763
6.3942782346
6.4001028928
6.4059275510
6.4117522092
6.4175768674
6.4234015256
6.4292261838
6.4350508420
6.4408755002
6.4467001584
6.4525248166
6.4583494748
6.4641741330
6.4699987913
6.4758234495
6.4816481077
6.4874727659
6.4932974241
6.4991220823
6.5049467405
6.5107713987
6.5165960569
6.5224207151
6.5282453733
6.5340700315
6.5398946897
6.5457193480
6.5515440062
6.5573686644
6.5631933226
6.5690179808
6.5748426390
6.5806672972
6.5864919554
6.5923166136
6.5981412718
6.6039659300
6.6097905882
6.6156152464
6.6214399046
6.6272645629
6.6330892211
6.6389138793
6.6447385375
6.6505631957
6.6563878539
6.6622125121
6.6680371703
6.6738618285
6.6796864867
6.6855111449
6.6913358031
6.6971604613
6.7029851196
6.7088097778
6.7146344360
6.7204590942
6.7262837524
6.7321084106
6.7379330688
6.7437577270
6.7495823852
6.7554070434
6.7612317016
6.7670563598
6.7728810180
6.7787056762
6.7845303345
6.7903549927
6.7961796509
6.8020043091
6.8078289673
6.8136536255
6.8194782837
6.8253029419
6.8311276001
6.8369522583
6.8427769165
6.8486015747
6.8544262329
6.8602508912
6.8660755494
6.8719002076
6.8777248658
6.8835495240
6.8893741822
6.8951988404
6.9010234986
6.9068481568
6.9126728150
6.9184974732
6.9243221314
6.9301467896
6.9359714478
6.9417961061
6.9476207643
6.9534454225
6.9592700807
6.9650947389
6.9709193971
6.9767440553
6.9825687135
6.9883933717
6.9942180299
7.0000426881
7.0058673463
7.0116920045
7.0175166628
7.0233413210
7.0291659792
7.0349906374
7.0408152956
7.0466399538
7.0524646120
7.0582892702
7.0641139284
7.0699385866
7.0757632448
7.0815879030
7.0874125612
7.0932372194
7.0990618777
7.1048865359
7.1107111941
7.1165358523
7.1223605105
7.1281851687
7.1340098269
7.1398344851
7.1456591433
7.1514838015
7.1573084597
7.1631331179
7.1689577761
7.1747824344
7.1806070926
7.1864317508
7.1922564090
7.1980810672
7.2039057254
7.2097303836
7.2155550418
7.2213797000
7.2272043582
7.2330290164
7.2388536746
7.2446783328
7.2505029911
7.2563276493
7.2621523075
7.2679769657
7.2738016239
7.2796262821
7.2854509403
7.2912755985
7.2971002567
7.3029249149
7.3087495731
7.3145742313
7.3203988895
7.3262235477
7.3320482060
7.3378728642
7.3436975224
7.3495221806
7.3553468388
7.3611714970
7.3669961552
7.3728208134
7.3786454716
7.3844701298
7.3902947880
7.3961194462
7.4019441044
7.4077687627
7.4135934209
7.4194180791
7.4252427373
7.4310673955
7.4368920537
7.4427167119
7.4485413701
7.4543660283
7.4601906865
7.4660153447
7.4718400029
7.4776646611
7.4834893193
7.4893139776
7.4951386358
7.5009632940
7.5067879522
7.5126126104
7.5184372686
7.5242619268
7.5300865850
7.5359112432
7.5417359014
7.5475605596
7.5533852178
7.5592098760
7.5650345343
7.5708591925
7.5766838507
7.5825085089
7.5883331671
7.5941578253
7.5999824835
7.6058071417
7.6116317999
7.6174564581
7.6232811163
7.6291057745
7.6349304327
7.6407550909
7.6465797492
7.6524044074
7.6582290656
7.6640537238
7.6698783820
7.6757030402
7.6815276984
7.6873523566
7.6931770148
7.6990016730
7.7048263312
7.7106509894
7.7164756476
7.7223003059
7.7281249641
7.7339496223
7.7397742805
7.7455989387
7.7514235969
7.7572482551
7.7630729133
7.7688975715
7.7747222297
7.7805468879
