0.000000
0.000001
0.000001
0.000002
0.000003
0.000004
0.000006
0.000009
0.000013
0.000018
0.000024
0.000032
0.000040
0.000051
0.000062
0.000075
0.000089
0.000105
0.000124
0.000145
0.000169
0.000197
0.000230
0.000269
0.000315
0.000367
0.000426
0.000490
0.000559
0.000630
0.000701
0.000769
0.000833
0.000890
0.000942
0.000988
0.001030
0.001070
0.001112
0.001157
0.001209
0.001268
0.001337
0.001416
0.001505
0.001605
0.001719
0.001851
0.002008
0.002197
0.002428
0.002709
0.003049
0.003456
0.003937
0.004492
0.005116
0.005804
0.006550
0.007348
0.008190
0.009073
0.009992
0.010943
0.011924
0.012933
0.013969
0.015023
0.016085
0.017142
0.018180
0.019180
0.020127
0.021004
0.021799
0.022504
0.023119
0.023643
0.024077
0.024442
0.024756
0.025039
0.025308
0.025578
0.025863
0.026173
0.026514
0.026883
0.027280
0.027699
0.028137
0.028583
0.029026
0.029456
0.029861
0.030232
0.030564
0.030859
0.031128
0.031389
0.031667
0.031994
0.032410
0.032938
0.033611
0.034450
0.035466
0.036668
0.038052
0.039608
0.041321
0.043169
0.045133
0.047195
0.049345
0.051566
0.053855
0.056216
0.058652
0.061171
0.063779
0.066481
0.069281
0.072181
0.075181
0.078283
0.081490
0.084798
0.088206
0.091714
0.095316
0.099008
0.102778
0.106614
0.110495
0.114398
0.118298
0.122170
0.125985
0.129723
0.133372
0.136921
0.140369
0.143719
0.146976
0.150152
0.153263
0.156322
0.159347
0.162351
0.165346
0.168337
0.171331
0.174335
0.177363
0.180427
0.183544
0.186736
0.190026
0.193436
0.196991
0.200721
0.204641
0.208752
0.213053
0.217535
0.222186
0.226976
0.231872
0.236842
0.241847
0.246843
0.251794
0.256650
0.261380
0.265963
0.270368
0.274582
0.278598
0.282416
0.286042
0.289492
0.292786
0.295943
0.298979
0.301896
0.304700
0.307390
0.309956
0.312386
0.314669
0.316792
0.318746
0.320519
0.322109
0.323512
0.324725
0.325727
0.326537
0.327165
0.327625
0.327937
0.328128
0.328229
0.328274
0.328289
0.328296
0.328312
0.328344
0.328388
0.328434
0.328468
0.328472
0.328432
0.328328
0.328146
0.327867
0.327476
0.326948
0.326265
0.325412
0.324368
0.323135
0.321712
0.320108
0.318338
0.316427
0.314402
0.312302
0.310163
0.308030
0.305950
0.303976
0.302168
0.300556
0.299173
0.298043
0.297178
0.296576
0.296228
0.296118
0.296224
0.296524
0.297001
0.297645
0.298454
0.299421
0.300554
0.301856
0.303330
0.304980
0.306802
0.308793
0.310946
0.313254
0.315714
0.318332
0.321109
0.324045
0.327144
0.330415
0.333862
0.337490
0.341302
0.345303
0.349497
0.353892
0.358496
0.363328
0.368397
0.373707
0.379272
0.385099
0.391197
0.397573
0.404219
0.411128
0.418283
0.425661
0.433233
0.440973
0.448832
0.456766
0.464744
0.472741
0.480758
0.488804
0.496910
0.505121
0.513501
0.522123
0.531069
0.540452
0.550330
0.560751
0.571746
0.583313
0.595423
0.608023
0.621029
0.634338
0.647824
0.661354
0.674792
0.687988
0.700849
0.713313
0.725354
0.736981
0.748231
0.759181
0.769930
0.780570
0.791193
0.801877
0.812683
0.823654
0.834776
0.846029
0.857385
0.868816
0.880286
0.891768
0.903240
0.914683
0.926083
0.937425
0.948679
0.959790
0.970735
0.981462
0.991920
1.002053
1.011808
1.021131
1.029958
1.038237
1.045913
1.052933
1.059235
1.064750
1.069482
1.073436
1.076608
1.079015
1.080714
1.081762
1.082219
1.082150
1.081616
1.080665
1.079329
1.077611
1.075512
1.073012
1.070077
1.066664
1.062746
1.058299
1.053306
1.047765
1.041688
1.035073
1.027904
1.020178
1.011908
1.003081
0.993675
0.983657
0.973003
0.961700
0.949714
0.937014
0.923592
0.909449
0.894571
0.879027
0.862913
0.846310
0.829309
0.811992
0.794427
0.776679
0.758801
0.740827
0.722777
0.704656
0.686451
0.668167
0.649806
0.631384
0.612926
0.594476
0.576081
0.557789
0.539657
0.521736
0.504063
0.486666
0.469585
0.452817
0.436358
0.420205
0.404348
0.388782
0.373507
0.358516
0.343812
0.329398
0.315282
0.301474
0.288013
0.274880
0.262079
0.249610
0.237475
0.225671
0.214196
0.203047
0.192225
0.181731
0.171564
0.161722
0.152244
0.143107
0.134317
0.125883
0.117813
0.110116
0.102803
0.095876
0.089329
0.083167
0.077392
0.072001
0.067006
0.062353
0.058014
0.053965
0.050172
0.046599
0.043228
0.040042
0.037021
0.034154
0.031435
0.028868
0.026465
0.024214
0.022111
0.020163
0.018367
0.016717
0.015204
0.013819
0.012552
0.011392
0.010326
0.009347
0.008456
0.007641
0.006896
0.006217
0.005601
0.005044
0.004540
0.004082
0.003667
0.003291
0.002948
0.002635
0.002347
0.002078
0.001825
0.001589
0.001368
0.001163
0.000975
0.000805
0.000655
0.000524
0.000412
0.000322
0.000252
0.000198
0.000160
0.000136
0.000123
0.000118
0.000119
0.000122
0.000126
0.000129
0.000129
0.000125
0.000118
0.000108
0.000097
0.000083
0.000070
0.000057
0.000044
0.000033
0.000024
0.000017
0.000012
0.000008
0.000005
0.000003
0.000002
0.000001
0.000000
