0.000001
0.000002
0.000003
0.000004
0.000007
0.000010
0.000014
0.000021
0.000029
0.000039
0.000053
0.000069
0.000090
0.000115
0.000145
0.000180
0.000222
0.000271
0.000328
0.000395
0.000474
0.000566
0.000673
0.000797
0.000939
0.001102
0.001285
0.001488
0.001711
0.001952
0.002210
0.002480
0.002760
0.003046
0.003338
0.003634
0.003934
0.004239
0.004550
0.004869
0.005195
0.005528
0.005868
0.006212
0.006559
0.006907
0.007257
0.007611
0.007973
0.008349
0.008747
0.009175
0.009640
0.010151
0.010715
0.011334
0.012005
0.012726
0.013495
0.014308
0.015163
0.016059
0.016997
0.017981
0.019016
0.020107
0.021261
0.022475
0.023745
0.025062
0.026411
0.027772
0.029122
0.030437
0.031690
0.032859
0.033920
0.034862
0.035671
0.036356
0.036927
0.037394
0.037771
0.038073
0.038313
0.038503
0.038655
0.038780
0.038888
0.038987
0.039086
0.039198
0.039336
0.039518
0.039762
0.040088
0.040511
0.041046
0.041699
0.042477
0.043380
0.044413
0.045589
0.046904
0.048358
0.049949
0.051680
0.053545
0.055531
0.057624
0.059805
0.062056
0.064357
0.066690
0.069041
0.071405
0.073781
0.076174
0.078591
0.081039
0.083526
0.086056
0.088631
0.091253
0.093925
0.096649
0.099436
0.102287
0.105214
0.108228
0.111342
0.114562
0.117895
0.121336
0.124880
0.128515
0.132225
0.135992
0.139796
0.143626
0.147470
0.151327
0.155199
0.159093
0.163020
0.166987
0.171003
0.175073
0.179195
0.183365
0.187575
0.191813
0.196070
0.200332
0.204592
0.208845
0.213091
0.217335
0.221590
0.225868
0.230182
0.234554
0.238990
0.243488
0.248047
0.252655
0.257291
0.261942
0.266587
0.271199
0.275752
0.280224
0.284584
0.288800
0.292847
0.296704
0.300369
0.303836
0.307106
0.310189
0.313105
0.315875
0.318519
0.321063
0.323524
0.325919
0.328263
0.330556
0.332794
0.334962
0.337045
0.339024
0.340880
0.342596
0.344151
0.345527
0.346708
0.347665
0.348410
0.348948
0.349286
0.349443
0.349441
0.349306
0.349068
0.348757
0.348400
0.348018
0.347627
0.347238
0.346852
0.346471
0.346093
0.345717
0.345345
0.344977
0.344611
0.344249
0.343893
0.343539
0.343178
0.342795
0.342391
0.341964
0.341512
0.341039
0.340554
0.340072
0.339612
0.339206
0.338885
0.338689
0.338663
0.338861
0.339310
0.340035
0.341053
0.342363
0.343961
0.345827
0.347932
0.350246
0.352739
0.355383
0.358166
0.361081
0.364117
0.367277
0.370570
0.374005
0.377586
0.381316
0.385195
0.389224
0.393401
0.397727
0.402214
0.406869
0.411691
0.416689
0.421866
0.427225
0.432765
0.438482
0.444371
0.450425
0.456635
0.463000
0.469529
0.476222
0.483076
0.490100
0.497302
0.504693
0.512280
0.520077
0.528088
0.536318
0.544759
0.553400
0.562229
0.571207
0.580297
0.589469
0.598702
0.607967
0.617255
0.626570
0.635923
0.645341
0.654861
0.664521
0.674398
0.684516
0.694899
0.705562
0.716508
0.727717
0.739145
0.750733
0.762399
0.774056
0.785607
0.796959
0.807986
0.818648
0.828915
0.838788
0.848302
0.857524
0.866532
0.875416
0.884274
0.893197
0.902248
0.911469
0.920882
0.930450
0.940130
0.949866
0.959599
0.969281
0.978869
0.988327
0.997628
1.006748
1.015661
1.024345
1.032763
1.040902
1.048744
1.056277
1.063503
1.070428
1.077071
1.083463
1.089626
1.095570
1.101296
1.106769
1.111914
1.116711
1.121082
1.124982
1.128380
1.131239
1.133561
1.135371
1.136709
1.137624
1.138163
1.138342
1.138184
1.137726
1.136959
1.135868
1.134440
1.132654
1.130491
1.127942
1.124998
1.121643
1.117880
1.113675
1.109004
1.103865
1.098211
1.091991
1.085152
1.077631
1.069358
1.060296
1.050427
1.039737
1.028232
1.015895
1.002787
0.989005
0.974622
0.959714
0.944363
0.928652
0.912642
0.896373
0.879866
0.863125
0.846139
0.828875
0.811319
0.793470
0.775334
0.756929
0.738286
0.719452
0.700485
0.681442
0.662383
0.643364
0.624437
0.605660
0.587047
0.568609
0.550359
0.532308
0.514462
0.496825
0.479413
0.462237
0.445311
0.428651
0.412270
0.396211
0.380464
0.365037
0.349936
0.335166
0.320726
0.306615
0.292831
0.279366
0.266215
0.253381
0.240870
0.228716
0.216895
0.205419
0.194302
0.183559
0.173206
0.163257
0.153731
0.144655
0.136031
0.127861
0.120152
0.112922
0.106116
0.099710
0.093672
0.087971
0.082585
0.077472
0.072601
0.067952
0.063510
0.059264
0.055212
0.051363
0.047705
0.044246
0.040979
0.037900
0.035009
0.032299
0.029764
0.027394
0.025182
0.023122
0.021213
0.019448
0.017812
0.016302
0.014913
0.013639
0.012474
0.011413
0.010448
0.009570
0.008767
0.008031
0.007354
0.006727
0.006143
0.005596
0.005083
0.004602
0.004149
0.003726
0.003330
0.002963
0.002624
0.002314
0.002034
0.001783
0.001561
0.001364
0.001191
0.001040
0.000909
0.000794
0.000694
0.000605
0.000527
0.000457
0.000393
0.000335
0.000282
0.000234
0.000191
0.000153
0.000120
0.000093
0.000070
0.000052
0.000038
0.000027
0.000019
0.000013
0.000008
0.000005
0.000004
0.000002
