0.0000007372
0.0000012220
0.0000019704
0.0000030934
0.0000047332
0.0000070654
0.0000103248
0.0000148563
0.0000208598
0.0000286178
0.0000384147
0.0000505291
0.0000652317
0.0000827917
0.0001034920
0.0001276550
0.0001556781
0.0001880759
0.0002257225
0.0002698729
0.0003213332
0.0003814204
0.0004515313
0.0005330159
0.0006270207
0.0007343176
0.0008551446
0.0009890843
0.0011350099
0.0012911213
0.0014552982
0.0016245968
0.0017961762
0.0019682099
0.0021396938
0.0023105645
0.0024816536
0.0026544848
0.0028309421
0.0030128739
0.0032017122
0.0033981965
0.0036026617
0.0038142763
0.0040320563
0.0042561380
0.0044880289
0.0047310290
0.0049903733
0.0052730470
0.0055872779
0.0059417697
0.0063447849
0.0068032197
0.0073259074
0.0079128127
0.0085603758
0.0092651761
0.0100226219
0.0108278658
0.0116766612
0.0125660141
0.0134945102
0.0144622438
0.0154703305
0.0165200457
0.0176146681
0.0187489351
0.0199150331
0.0211020331
0.0222950399
0.0234759324
0.0246246102
0.0257206064
0.0267448773
0.0276815473
0.0285193901
0.0292528488
0.0298741135
0.0303991858
0.0308417199
0.0312165443
0.0315393940
0.0318254279
0.0320880676
0.0323382630
0.0325842200
0.0328315531
0.0330837700
0.0333429530
0.0336114915
0.0338901975
0.0341811006
0.0344870206
0.0348116809
0.0351598525
0.0355375601
0.0359523587
0.0364136456
0.0369329259
0.0375239213
0.0382033274
0.0389994209
0.0399213051
0.0409841711
0.0421994835
0.0435734859
0.0451062009
0.0467911324
0.0486157815
0.0505629628
0.0526127784
0.0547449868
0.0569423877
0.0591930436
0.0614852963
0.0638181304
0.0661948565
0.0686215153
0.0711051616
0.0736523723
0.0762682403
0.0789560003
0.0817172901
0.0845529144
0.0874662585
0.0904631567
0.0935426061
0.0967100161
0.0999707801
0.1033288284
0.1067851458
0.1103365456
0.1139749438
0.1176872928
0.1214562278
0.1252613695
0.1290807535
0.1328908447
0.1366746469
0.1404209709
0.1441242192
0.1477843100
0.1514059821
0.1549976012
0.1585696389
0.1621330303
0.1656976290
0.1692709717
0.1728582808
0.1764604997
0.1800752481
0.1837001712
0.1873338849
0.1909774733
0.1946356493
0.1983173775
0.2020358339
0.2058076666
0.2096516160
0.2135866492
0.2176376161
0.2218152838
0.2261202154
0.2305499322
0.2350947892
0.2397384860
0.2444589832
0.2492296538
0.2540205212
0.2587994770
0.2635334319
0.2681894150
0.2727249585
0.2771131036
0.2813335106
0.2853688786
0.2892090638
0.2928517603
0.2963024941
0.2995738024
0.3026835935
0.3056528152
0.3085026997
0.3112519548
0.3139074626
0.3164815616
0.3189733402
0.3213748549
0.3236741042
0.3258567881
0.3279078522
0.3298126100
0.3315574017
0.3331298974
0.3345192710
0.3357165170
0.3366957780
0.3374738186
0.3380565032
0.3384556393
0.3386899925
0.3387843924
0.3387678399
0.3386708677
0.3385225718
0.3383478180
0.3381651139
0.3379855606
0.3378130509
0.3376433374
0.3374693370
0.3372826026
0.3370745019
0.3368367139
0.3365611377
0.3362394454
0.3358625776
0.3354204688
0.3349022152
0.3342950471
0.3335816201
0.3327631377
0.3318379825
0.3308099343
0.3296887389
0.3284903741
0.3272370716
0.3259571211
0.3246844316
0.3234577695
0.3223195557
0.3213193067
0.3205143687
0.3199327704
0.3196041444
0.3195476435
0.3197706544
0.3202688565
0.3210276925
0.3220250844
0.3232350164
0.3246314459
0.3261919185
0.3279057987
0.3297676911
0.3317692760
0.3339155488
0.3362130942
0.3386677323
0.3412829186
0.3440591388
0.3469942976
0.3500848827
0.3533275255
0.3567205028
0.3602726520
0.3639888843
0.3678679388
0.3719165087
0.3761403149
0.3805432601
0.3851271591
0.3898920496
0.3948369559
0.3999608932
0.4052638728
0.4107476949
0.4164282463
0.4223091366
0.4283917038
0.4346855600
0.4412004214
0.4479451167
0.4549264349
0.4621478343
0.4696081018
0.4773001153
0.4852099313
0.4933164535
0.5016013284
0.5100193716
0.5185315069
0.5271067258
0.5357212606
0.5443621102
0.5530297297
0.5617395330
0.5705219797
0.5794211493
0.5884918497
0.5977954311
0.6074248550
0.6174229091
0.6278252248
0.6386543058
0.6499105495
0.6615700592
0.6735841915
0.6858809777
0.6983684551
0.7109398448
0.7234803891
0.7358755276
0.7479870380
0.7597483328
0.7711140456
0.7820711498
0.7926412246
0.8028772520
0.8128568890
0.8226729611
0.8324223526
0.8421947466
0.8520627569
0.8620755698
0.8722681061
0.8826130677
0.8930793015
0.9036255016
0.9142074309
0.9247835563
0.9353183998
0.9457834334
0.9561558236
0.9664157217
0.9765430246
0.9865116871
0.9962765839
1.0058182610
1.0151029509
1.0240988021
1.0327781021
1.0411182322
1.0491010507
1.0567108062
1.0639310549
1.0707413473
1.0771145995
1.0830023233
1.0883321076
1.0930965574
1.0972591358
1.1007954210
1.1036975808
1.1059764910
1.1076610400
1.1087946614
1.1094296122
1.1096199005
1.1094140115
1.1088359603
1.1078974063
1.1066190462
1.1049853385
1.1029721824
1.1005522783
1.0977000196
1.0943951065
1.0906243608
1.0863815610
1.0816654679
1.0764765198
1.0707894013
1.0645910073
1.0578863327
1.0506459932
1.0428327940
1.0344044411
1.0253170471
1.0155290596
1.0050052896
0.9937207693
0.9816641996
0.9688407510
0.9552329911
0.9409070906
0.9259591640
0.9104662682
0.8945115023
0.8781774274
0.8615395282
0.8446606135
0.8275869570
0.8103467558
0.7929511677
0.7753978037
0.7576634413
0.7397426643
0.7216379915
0.7033586701
0.6849276576
0.6663811651
0.6477662482
0.6291369773
0.6105498669
0.5920592809
0.5737134795
0.5555518206
0.5376224609
0.5199317312
0.5024838102
0.4852822168
0.4683280312
0.4516220074
0.4351661558
0.4189647129
0.4030245060
0.3873547793
0.3719665936
0.3568719282
0.3421119678
0.3276723862
0.3135579527
0.2997733086
0.2863203283
0.2731985192
0.2604057160
0.2479389588
0.2357954274
0.2239733089
0.2124724932
0.2012957805
0.1904801490
0.1800011787
0.1698683309
0.1600925942
0.1506860037
0.1416610541
0.1330299781
0.1248038668
0.1169916363
0.1095988855
0.1026267312
0.0960761091
0.0899639745
0.0842342932
0.0788620657
0.0738182954
0.0690719478
0.0645921210
0.0603501533
0.0563214030
0.0524864850
0.0488318223
0.0453494703
0.0420403922
0.0389140620
0.0359595709
0.0331784530
0.0305706159
0.0281337310
0.0258630854
0.0237518354
0.0217915576
0.0199729675
0.0182866688
0.0167238089
0.0152803569
0.0139521959
0.0127265580
0.0115989067
0.0105649015
0.0096199827
0.0087590551
0.0079763132
0.0072652295
0.0066186966
0.0060292970
0.0054896530
0.0049944597
0.0045370411
0.0041103435
0.0037108273
0.0033360907
0.0029847367
0.0026561781
0.0023504119
0.0020677873
0.0018087897
0.0015738538
0.0013632117
0.0011781238
0.0010175953
0.0008794493
0.0007621081
0.0006635722
0.0005814962
0.0005133020
0.0004563189
0.0004079415
0.0003657873
0.0003278358
0.0002925323
0.0002589157
0.0002264306
0.0001950670
0.0001651379
0.0001370975
0.0001114225
0.0000885164
0.0000686456
0.0000519081
0.0000382332
0.0000274045
0.0000190989
0.0000130637
0.0000087274
0.0000056769
0.0000035926
0.0000022103
0.0000013211
