4.6450097977
4.6511286821
4.6572475664
4.6633664508
4.6694853352
4.6756042195
4.6817231039
4.6878419883
4.6939608726
4.7000797570
4.7061986413
4.7123175257
4.7184364101
4.7245552944
4.7306741788
4.7367930632
4.7429119475
4.7490308319
4.7551497162
4.7612686006
4.7673874850
4.7735063693
4.7796252537
4.7857441381
4.7918630224
4.7979819068
4.8041007911
4.8102196755
4.8163385599
4.8224574442
4.8285763286
4.8346952130
4.8408140973
4.8469329817
4.8530518660
4.8591707504
4.8652896348
4.8714085191
4.8775274035
4.8836462879
4.8897651722
4.8958840566
4.9020029409
4.9081218253
4.9142407097
4.9203595940
4.9264784784
4.9325973627
4.9387162471
4.9448351315
4.9509540158
4.9570729002
4.9631917846
4.9693106689
4.9754295533
4.9815484376
4.9876673220
4.9937862064
4.9999050907
5.0060239751
5.0121428595
5.0182617438
5.0243806282
5.0304995125
5.0366183969
5.0427372813
5.0488561656
5.0549750500
5.0610939344
5.0672128187
5.0733317031
5.0794505874
5.0855694718
5.0916883562
5.0978072405
5.1039261249
5.1100450093
5.1161638936
5.1222827780
5.1284016623
5.1345205467
5.1406394311
5.1467583154
5.1528771998
5.1589960842
5.1651149685
5.1712338529
5.1773527372
5.1834716216
5.1895905060
5.1957093903
5.2018282747
5.2079471590
5.2140660434
5.2201849278
5.2263038121
5.2324226965
5.2385415809
5.2446604652
5.2507793496
5.2568982339
5.2630171183
5.2691360027
5.2752548870
5.2813737714
5.2874926558
5.2936115401
5.2997304245
5.3058493088
5.3119681932
5.3180870776
5.3242059619
5.3303248463
5.3364437307
5.3425626150
5.3486814994
5.3548003837
5.3609192681
5.3670381525
5.3731570368
5.3792759212
5.3853948056
5.3915136899
5.3976325743
5.4037514586
5.4098703430
5.4159892274
5.4221081117
5.4282269961
5.4343458805
5.4404647648
5.4465836492
5.4527025335
5.4588214179
5.4649403023
5.4710591866
5.4771780710
5.4832969553
5.4894158397
5.4955347241
5.5016536084
5.5077724928
5.5138913772
5.5200102615
5.5261291459
5.5322480302
5.5383669146
5.5444857990
5.5506046833
5.5567235677
5.5628424521
5.5689613364
5.5750802208
5.5811991051
5.5873179895
5.5934368739
5.5995557582
5.6056746426
5.6117935270
5.6179124113
5.6240312957
5.6301501800
5.6362690644
5.6423879488
5.6485068331
5.6546257175
5.6607446019
5.6668634862
5.6729823706
5.6791012549
5.6852201393
5.6913390237
5.6974579080
5.7035767924
5.7096956768
5.7158145611
5.7219334455
5.7280523298
5.7341712142
5.7402900986
5.7464089829
5.7525278673
5.7586467516
5.7647656360
5.7708845204
5.7770034047
5.7831222891
5.7892411735
5.7953600578
5.8014789422
5.8075978265
5.8137167109
5.8198355953
5.8259544796
5.8320733640
5.8381922484
5.8443111327
5.8504300171
5.8565489014
5.8626677858
5.8687866702
5.8749055545
5.8810244389
5.8871433233
5.8932622076
5.8993810920
5.9054999763
5.9116188607
5.9177377451
5.9238566294
5.9299755138
5.9360943982
5.9422132825
5.9483321669
5.9544510512
5.9605699356
5.9666888200
5.9728077043
5.9789265887
5.9850454731
5.9911643574
5.9972832418
6.0034021261
6.0095210105
6.0156398949
6.0217587792
6.0278776636
6.0339965479
6.0401154323
6.0462343167
6.0523532010
6.0584720854
6.0645909698
6.0707098541
6.0768287385
6.0829476228
6.0890665072
6.0951853916
6.1013042759
6.1074231603
6.1135420447
6.1196609290
6.1257798134
6.1318986977
6.1380175821
6.1441364665
6.1502553508
6.1563742352
6.1624931196
6.1686120039
6.1747308883
6.1808497726
6.1869686570
6.1930875414
6.1992064257
6.2053253101
6.2114441945
6.2175630788
6.2236819632
6.2298008475
6.2359197319
6.2420386163
6.2481575006
6.2542763850
6.2603952694
6.2665141537
6.2726330381
6.2787519224
6.2848708068
6.2909896912
6.2971085755
6.3032274599
6.3093463443
6.3154652286
6.3215841130
6.3277029973
6.3338218817
6.3399407661
6.3460596504
6.3521785348
6.3582974191
6.3644163035
6.3705351879
6.3766540722
6.3827729566
6.3888918410
6.3950107253
6.4011296097
6.4072484940
6.4133673784
6.4194862628
6.4256051471
6.4317240315
6.4378429159
6.4439618002
6.4500806846
6.4561995689
6.4623184533
6.4684373377
6.4745562220
6.4806751064
6.4867939908
6.4929128751
6.4990317595
6.5051506438
6.5112695282
6.5173884126
6.5235072969
6.5296261813
6.5357450657
6.5418639500
6.5479828344
6.5541017187
6.5602206031
6.5663394875
6.5724583718
6.5785772562
6.5846961406
6.5908150249
6.5969339093
6.6030527936
6.6091716780
6.6152905624
6.6214094467
6.6275283311
6.6336472154
6.6397660998
6.6458849842
6.6520038685
6.6581227529
6.6642416373
6.6703605216
6.6764794060
6.6825982903
6.6887171747
6.6948360591
6.7009549434
6.7070738278
6.7131927122
6.7193115965
6.7254304809
6.7315493652
6.7376682496
6.7437871340
6.7499060183
6.7560249027
6.7621437871
6.7682626714
6.7743815558
6.7805004401
6.7866193245
6.7927382089
6.7988570932
6.8049759776
6.8110948620
6.8172137463
6.8233326307
6.8294515150
6.8355703994
6.8416892838
6.8478081681
6.8539270525
6.8600459369
6.8661648212
6.8722837056
6.8784025899
6.8845214743
6.8906403587
6.8967592430
6.9028781274
6.9089970117
6.9151158961
6.9212347805
6.9273536648
6.9334725492
6.9395914336
6.9457103179
6.9518292023
6.9579480866
6.9640669710
6.9701858554
6.9763047397
6.9824236241
6.9885425085
6.9946613928
7.0007802772
7.0068991615
7.0130180459
7.0191369303
7.0252558146
7.0313746990
7.0374935834
7.0436124677
7.0497313521
7.0558502364
7.0619691208
7.0680880052
7.0742068895
7.0803257739
7.0864446583
7.0925635426
7.0986824270
7.1048013113
7.1109201957
7.1170390801
7.1231579644
7.1292768488
7.1353957332
7.1415146175
7.1476335019
7.1537523862
7.1598712706
7.1659901550
7.1721090393
7.1782279237
7.1843468080
7.1904656924
7.1965845768
7.2027034611
7.2088223455
7.2149412299
7.2210601142
7.2271789986
7.2332978829
7.2394167673
7.2455356517
7.2516545360
7.2577734204
7.2638923048
7.2700111891
7.2761300735
7.2822489578
7.2883678422
7.2944867266
7.3006056109
7.3067244953
7.3128433797
7.3189622640
7.3250811484
7.3312000327
7.3373189171
7.3434378015
7.3495566858
7.3556755702
7.3617944546
7.3679133389
7.3740322233
7.3801511076
7.3862699920
7.3923888764
7.3985077607
7.4046266451
7.4107455295
7.4168644138
7.4229832982
7.4291021825
7.4352210669
7.4413399513
7.4474588356
7.4535777200
7.4596966043
7.4658154887
7.4719343731
7.4780532574
7.4841721418
7.4902910262
7.4964099105
7.5025287949
7.5086476792
7.5147665636
7.5208854480
7.5270043323
7.5331232167
7.5392421011
7.5453609854
7.5514798698
7.5575987541
7.5637176385
7.5698365229
7.5759554072
7.5820742916
7.5881931760
7.5943120603
7.6004309447
7.6065498290
7.6126687134
7.6187875978
7.6249064821
7.6310253665
7.6371442509
7.6432631352
7.6493820196
7.6555009039
7.6616197883
7.6677386727
7.6738575570
7.6799764414
7.6860953258
7.6922142101
7.6983330945
7.7044519788
7.7105708632
7.7166897476
7.7228086319
7.7289275163
7.7350464007
7.7411652850
7.7472841694
7.7534030537
7.7595219381
7.7656408225
7.7717597068
