0.0000018366
0.0000029217
0.0000045601
0.0000069921
0.0000107340
0.0000161649
0.0000238939
0.0000346865
0.0000494833
0.0000694164
0.0000958207
0.0001302406
0.0001744311
0.0002303538
0.0003021189
0.0003909750
0.0004994199
0.0006302616
0.0007865279
0.0009715143
0.0011888526
0.0014425985
0.0017373360
0.0020782907
0.0024777190
0.0029395864
0.0034710269
0.0040811970
0.0047800739
0.0055782964
0.0064869434
0.0075172625
0.0086803602
0.0099868730
0.0114613743
0.0131049475
0.0149190580
0.0169087377
0.0190774197
0.0214269822
0.0239578424
0.0266690846
0.0295586000
0.0326232185
0.0358715683
0.0392919417
0.0428700511
0.0465983295
0.0504679403
0.0544685949
0.0585883787
0.0628136128
0.0671287777
0.0715165251
0.0759596452
0.0804327968
0.0849112976
0.0893735204
0.0937985688
0.0981670096
0.1024615787
0.1066678151
0.1107745788
0.1147744166
0.1186580086
0.1224246348
0.1260874869
0.1296547076
0.1331366170
0.1365450913
0.1398929696
0.1431935285
0.1464600550
0.1497055393
0.1529427236
0.1561859907
0.1594474511
0.1627384160
0.1660702730
0.1694546816
0.1729037427
0.1764301328
0.1800472052
0.1837690630
0.1876144177
0.1916114000
0.1957655393
0.2000947588
0.2046177536
0.2093537914
0.2143223761
0.2195427576
0.2250332802
0.2308105810
0.2368933447
0.2433216682
0.2500659566
0.2571233473
0.2644847368
0.2721347698
0.2800521579
0.2882103003
0.2965781520
0.3051212690
0.3138031763
0.3225918708
0.3314328747
0.3402893712
0.3491256701
0.3579071855
0.3666002419
0.3751717880
0.3835890991
0.3918195520
0.3998305490
0.4075565759
0.4149880218
0.4220982423
0.4288609862
0.4352539775
0.4412598524
0.4468669302
0.4520697528
0.4568693473
0.4612731926
0.4652589336
0.4688802408
0.4721714164
0.4751616739
0.4778830086
0.4803696095
0.4826573560
0.4847833700
0.4867855802
0.4887022477
0.4905711947
0.4924377526
0.4943369579
0.4962985342
0.4983472651
0.5005018785
0.5027740518
0.5051676119
0.5076780015
0.5102920737
0.5129916307
0.5157375309
0.5184880847
0.5212020320
0.5238370962
0.5263524858
0.5287114059
0.5308833948
0.5328462962
0.5345876780
0.5360921345
0.5373726841
0.5384625951
0.5393863147
0.5401696842
0.5408367306
0.5414067308
0.5418918383
0.5422955137
0.5426119358
0.5428199293
0.5428896099
0.5428018111
0.5425308115
0.5420548921
0.5413588780
0.5404359323
0.5392884663
0.5379281061
0.5363747371
0.5346497156
0.5327829759
0.5308190015
0.5287846577
0.5267011311
0.5245824479
0.5224347124
0.5202560885
0.5180374975
0.5157639547
0.5134138905
0.5109561748
0.5083793270
0.5056687107
0.5028152296
0.4998161799
0.4966755224
0.4934036047
0.4900164010
0.4865343681
0.4829804799
0.4793795794
0.4757640106
0.4721564238
0.4685769145
0.4650426734
0.4615679210
0.4581640762
0.4548400976
0.4516029299
0.4484580638
0.4454221086
0.4424870084
0.4396554164
0.4369292515
0.4343094569
0.4317957081
0.4293861279
0.4270770651
0.4248629866
0.4227365255
0.4206960403
0.4187219394
0.4168027013
0.4149281453
0.4130890591
0.4112776091
0.4094876117
0.4077146685
0.4059561876
0.4042113341
0.4024827876
0.4007730668
0.3990872646
0.3974332104
0.3958215577
0.3942662232
0.3927847367
0.3913984164
0.3901322985
0.3890147605
0.3880958626
0.3874047592
0.3869663553
0.3868096745
0.3869596601
0.3874358860
0.3882515497
0.3894128020
0.3909184446
0.3927599985
0.3949438568
0.3974349134
0.4001892288
0.4031755275
0.4063607955
0.4097115587
0.4131951324
0.4167808188
0.4204410238
0.4241522703
0.4278972454
0.4316623293
0.4354420661
0.4392391942
0.4430622965
0.4469251239
0.4508456586
0.4548449690
0.4589459168
0.4631717962
0.4675533830
0.4721182217
0.4768704057
0.4818209077
0.4869764109
0.4923393769
0.4979082719
0.5036778871
0.5096396973
0.5157822104
0.5220966569
0.5285703252
0.5351693723
0.5418728790
0.5486590059
0.5555056695
0.5623913270
0.5692958206
0.5762012209
0.5830925984
0.5899578593
0.5967870249
0.6035815649
0.6103442816
0.6170813960
0.6238020135
0.6305175321
0.6372410045
0.6439864473
0.6507680737
0.6576001440
0.6645018265
0.6714741050
0.6785180807
0.6856280343
0.6927903193
0.6999826804
0.7071741354
0.7143255205
0.7213907475
0.7283187628
0.7350247329
0.7414744519
0.7476232481
0.7534345803
0.7588818133
0.7639489444
0.7686304026
0.7729299485
0.7768587697
0.7804329310
0.7836353995
0.7865158472
0.7890871252
0.7913495513
0.7932942139
0.7949026156
0.7961471219
0.7969921677
0.7973961387
0.7973138016
0.7966420723
0.7953704937
0.7934789499
0.7909428242
0.7877483987
0.7838936406
0.7793882264
0.7742528230
0.7685176889
0.7622207045
0.7553656262
0.7480302487
0.7402783186
0.7321501821
0.7236811543
0.7149007460
0.7058324687
0.6964941705
0.6868988216
0.6770556399
0.6669544645
0.6566076631
0.6460343009
0.6352429305
0.6242441820
0.6130507935
0.6016773742
0.5901399780
0.5784555764
0.5666415259
0.5547095933
0.5426798422
0.5305756988
0.5184133603
0.5062090452
0.4939791236
0.4817401195
0.4695085610
0.4573006829
0.4451320151
0.4330201709
0.4209818536
0.4090229753
0.3971518367
0.3853753500
0.3736994686
0.3621296142
0.3506710183
0.3393289143
0.3281085425
0.3170195848
0.3060741945
0.2952641860
0.2845913428
0.2740563172
0.2636590072
0.2533991422
0.2432770029
0.2332941832
0.2234542918
0.2137671014
0.2042562800
0.1949197031
0.1857723144
0.1768303296
0.1681104559
0.1596291351
0.1514018675
0.1434426553
0.1357635860
0.1283775441
0.1213235856
0.1145727775
0.1081266989
0.1019845645
0.0961432636
0.0905974223
0.0853395015
0.0803599432
0.0756473771
0.0711888908
0.0669970694
0.0630266023
0.0592617483
0.0556877169
0.0522904519
0.0490569581
0.0459755672
0.0430361351
0.0402301659
0.0375508580
0.0350058052
0.0325799546
0.0302696654
0.0280739347
0.0259922394
0.0240241908
0.0221692098
0.0204262426
0.0187935389
0.0172685046
0.0158570878
0.0145468500
0.0133295951
0.0121995776
0.0111508771
0.0101776173
0.0092741648
0.0084352920
0.0076563002
0.0069330945
0.0062662982
0.0056504390
0.0050813356
0.0045572590
0.0040767233
0.0036383579
0.0032407875
0.0028825254
0.0025618898
0.0022769473
0.0020276437
0.0018103357
0.0016205177
0.0014553412
0.0013119517
0.0011875694
0.0010795584
0.0009854805
0.0009031295
0.0008305475
0.0007663932
0.0007089807
0.0006566090
0.0006082651
0.0005630910
0.0005203743
0.0004795438
0.0004401690
0.0004019586
0.0003647594
0.0003286011
0.0002936596
0.0002600871
0.0002281663
0.0001982032
0.0001704991
0.0001453245
0.0001228976
0.0001033684
0.0000868076
0.0000732955
0.0000628585
0.0000550205
0.0000495091
0.0000460022
0.0000441421
0.0000435502
0.0000438431
0.0000446477
0.0000456168
0.0000464345
0.0000467849
0.0000465254
0.0000455675
0.0000438893
0.0000415287
0.0000385738
0.0000351503
0.0000314077
0.0000275047
0.0000235981
0.0000198595
0.0000163913
0.0000132650
0.0000105224
0.0000081787
0.0000062265
0.0000046411
0.0000033855
0.0000024159
0.0000016857
0.0000011668
0.0000007917
0.0000005260
