4.7493555351
4.7556006892
4.7618458432
4.7680909973
4.7743361514
4.7805813054
4.7868264595
4.7930716136
4.7993167676
4.8055619217
4.8118070758
4.8180522298
4.8242973839
4.8305425380
4.8367876920
4.8430328461
4.8492780002
4.8555231542
4.8617683083
4.8680134624
4.8742586164
4.8805037705
4.8867489246
4.8929940786
4.8992392327
4.9054843868
4.9117295408
4.9179746949
4.9242198490
4.9304650030
4.9367101571
4.9429553112
4.9492004652
4.9554456193
4.9616907734
4.9679359274
4.9741810815
4.9804262356
4.9866713896
4.9929165437
4.9991616978
5.0054068518
5.0116520059
5.0178971600
5.0241423140
5.0303874681
5.0366326222
5.0428777762
5.0491229303
5.0553680844
5.0616132384
5.0678583925
5.0741035466
5.0803487007
5.0865938547
5.0928390088
5.0990841629
5.1053293169
5.1115744710
5.1178196251
5.1240647791
5.1303099332
5.1365550873
5.1428002413
5.1490453954
5.1552905495
5.1615357035
5.1677808576
5.1740260117
5.1802711657
5.1865163198
5.1927614739
5.1990066279
5.2052517820
5.2114969361
5.2177420901
5.2239872442
5.2302323983
5.2364775523
5.2427227064
5.2489678605
5.2552130145
5.2614581686
5.2677033227
5.2739484767
5.2801936308
5.2864387849
5.2926839389
5.2989290930
5.3051742471
5.3114194011
5.3176645552
5.3239097093
5.3301548633
5.3364000174
5.3426451715
5.3488903255
5.3551354796
5.3613806337
5.3676257877
5.3738709418
5.3801160959
5.3863612499
5.3926064040
5.3988515581
5.4050967121
5.4113418662
5.4175870203
5.4238321743
5.4300773284
5.4363224825
5.4425676365
5.4488127906
5.4550579447
5.4613030987
5.4675482528
5.4737934069
5.4800385609
5.4862837150
5.4925288691
5.4987740231
5.5050191772
5.5112643313
5.5175094853
5.5237546394
5.5299997935
5.5362449475
5.5424901016
5.5487352557
5.5549804097
5.5612255638
5.5674707179
5.5737158719
5.5799610260
5.5862061801
5.5924513341
5.5986964882
5.6049416423
5.6111867963
5.6174319504
5.6236771045
5.6299222585
5.6361674126
5.6424125667
5.6486577207
5.6549028748
5.6611480289
5.6673931829
5.6736383370
5.6798834911
5.6861286451
5.6923737992
5.6986189533
5.7048641073
5.7111092614
5.7173544155
5.7235995696
5.7298447236
5.7360898777
5.7423350318
5.7485801858
5.7548253399
5.7610704940
5.7673156480
5.7735608021
5.7798059562
5.7860511102
5.7922962643
5.7985414184
5.8047865724
5.8110317265
5.8172768806
5.8235220346
5.8297671887
5.8360123428
5.8422574968
5.8485026509
5.8547478050
5.8609929590
5.8672381131
5.8734832672
5.8797284212
5.8859735753
5.8922187294
5.8984638834
5.9047090375
5.9109541916
5.9171993456
5.9234444997
5.9296896538
5.9359348078
5.9421799619
5.9484251160
5.9546702700
5.9609154241
5.9671605782
5.9734057322
5.9796508863
5.9858960404
5.9921411944
5.9983863485
6.0046315026
6.0108766566
6.0171218107
6.0233669648
6.0296121188
6.0358572729
6.0421024270
6.0483475810
6.0545927351
6.0608378892
6.0670830432
6.0733281973
6.0795733514
6.0858185054
6.0920636595
6.0983088136
6.1045539676
6.1107991217
6.1170442758
6.1232894298
6.1295345839
6.1357797380
6.1420248920
6.1482700461
6.1545152002
6.1607603542
6.1670055083
6.1732506624
6.1794958164
6.1857409705
6.1919861246
6.1982312786
6.2044764327
6.2107215868
6.2169667408
6.2232118949
6.2294570490
6.2357022030
6.2419473571
6.2481925112
6.2544376652
6.2606828193
6.2669279734
6.2731731274
6.2794182815
6.2856634356
6.2919085896
6.2981537437
6.3043988978
6.3106440518
6.3168892059
6.3231343600
6.3293795140
6.3356246681
6.3418698222
6.3481149762
6.3543601303
6.3606052844
6.3668504385
6.3730955925
6.3793407466
6.3855859007
6.3918310547
6.3980762088
6.4043213629
6.4105665169
6.4168116710
6.4230568251
6.4293019791
6.4355471332
6.4417922873
6.4480374413
6.4542825954
6.4605277495
6.4667729035
6.4730180576
6.4792632117
6.4855083657
6.4917535198
6.4979986739
6.5042438279
6.5104889820
6.5167341361
6.5229792901
6.5292244442
6.5354695983
6.5417147523
6.5479599064
6.5542050605
6.5604502145
6.5666953686
6.5729405227
6.5791856767
6.5854308308
6.5916759849
6.5979211389
6.6041662930
6.6104114471
6.6166566011
6.6229017552
6.6291469093
6.6353920633
6.6416372174
6.6478823715
6.6541275255
6.6603726796
6.6666178337
6.6728629877
6.6791081418
6.6853532959
6.6915984499
6.6978436040
6.7040887581
6.7103339121
6.7165790662
6.7228242203
6.7290693743
6.7353145284
6.7415596825
6.7478048365
6.7540499906
6.7602951447
6.7665402987
6.7727854528
6.7790306069
6.7852757609
6.7915209150
6.7977660691
6.8040112231
6.8102563772
6.8165015313
6.8227466853
6.8289918394
6.8352369935
6.8414821475
6.8477273016
6.8539724557
6.8602176097
6.8664627638
6.8727079179
6.8789530719
6.8851982260
6.8914433801
6.8976885341
6.9039336882
6.9101788423
6.9164239963
6.9226691504
6.9289143045
6.9351594585
6.9414046126
6.9476497667
6.9538949207
6.9601400748
6.9663852289
6.9726303829
6.9788755370
6.9851206911
6.9913658451
6.9976109992
7.0038561533
7.0101013074
7.0163464614
7.0225916155
7.0288367696
7.0350819236
7.0413270777
7.0475722318
7.0538173858
7.0600625399
7.0663076940
7.0725528480
7.0787980021
7.0850431562
7.0912883102
7.0975334643
7.1037786184
7.1100237724
7.1162689265
7.1225140806
7.1287592346
7.1350043887
7.1412495428
7.1474946968
7.1537398509
7.1599850050
7.1662301590
7.1724753131
7.1787204672
7.1849656212
7.1912107753
7.1974559294
7.2037010834
7.2099462375
7.2161913916
7.2224365456
7.2286816997
7.2349268538
7.2411720078
7.2474171619
7.2536623160
7.2599074700
7.2661526241
7.2723977782
7.2786429322
7.2848880863
7.2911332404
7.2973783944
7.3036235485
7.3098687026
7.3161138566
7.3223590107
7.3286041648
7.3348493188
7.3410944729
7.3473396270
7.3535847810
7.3598299351
7.3660750892
7.3723202432
7.3785653973
7.3848105514
7.3910557054
7.3973008595
7.4035460136
7.4097911676
7.4160363217
7.4222814758
7.4285266298
7.4347717839
7.4410169380
7.4472620920
7.4535072461
7.4597524002
7.4659975542
7.4722427083
7.4784878624
7.4847330164
7.4909781705
7.4972233246
7.5034684786
7.5097136327
7.5159587868
7.5222039408
7.5284490949
7.5346942490
7.5409394030
7.5471845571
7.5534297112
7.5596748652
7.5659200193
7.5721651734
7.5784103274
7.5846554815
7.5909006356
7.5971457896
7.6033909437
7.6096360978
7.6158812518
7.6221264059
7.6283715600
7.6346167140
7.6408618681
7.6471070222
7.6533521763
7.6595973303
7.6658424844
7.6720876385
7.6783327925
7.6845779466
7.6908231007
7.6970682547
7.7033134088
7.7095585629
7.7158037169
7.7220488710
7.7282940251
7.7345391791
7.7407843332
7.7470294873
7.7532746413
7.7595197954
7.7657649495
7.7720101035
7.7782552576
7.7845004117
7.7907455657
7.7969907198
7.8032358739
7.8094810279
7.8157261820
7.8219713361
7.8282164901
7.8344616442
7.8407067983
7.8469519523
7.8531971064
7.8594422605
7.8656874145
7.8719325686
7.8781777227
7.8844228767
7.8906680308
7.8969131849
7.9031583389
7.9094034930
7.9156486471
7.9218938011
7.9281389552
7.9343841093
7.9406292633
