0.0000015173
0.0000024185
0.0000037886
0.0000058286
0.0000090100
0.0000136146
0.0000201779
0.0000293221
0.0000418923
0.0000589758
0.0000816687
0.0001113154
0.0001495314
0.0001979370
0.0002597397
0.0003361503
0.0004293616
0.0005419224
0.0006761275
0.0008347238
0.0010213030
0.0012375984
0.0014868138
0.0017744529
0.0021122824
0.0025034340
0.0029537407
0.0034722695
0.0040668594
0.0047432013
0.0055151157
0.0063928263
0.0073873560
0.0085075803
0.0097771170
0.0111966437
0.0127588793
0.0144718757
0.0163388984
0.0183607703
0.0205369383
0.0228642381
0.0253402328
0.0279562804
0.0307206605
0.0336257385
0.0366581242
0.0398142312
0.0430855595
0.0464640932
0.0499402191
0.0535008207
0.0571402712
0.0608460767
0.0646061196
0.0684029674
0.0722167991
0.0760295999
0.0798249232
0.0835906191
0.0873146724
0.0909872250
0.0946014272
0.0981549950
0.1016455223
0.1050725179
0.1084525379
0.1117934917
0.1151063435
0.1184027616
0.1216944709
0.1249927166
0.1283106337
0.1316577445
0.1350352936
0.1384509616
0.1419095082
0.1454144694
0.1489690929
0.1525772409
0.1562455474
0.1599775639
0.1637812914
0.1676675075
0.1716531114
0.1757659337
0.1800139743
0.1844164530
0.1889936513
0.1937734815
0.1987793049
0.2040354818
0.2095652686
0.2153897650
0.2215381684
0.2280424360
0.2348810035
0.2420545648
0.2495526679
0.2573583777
0.2654492554
0.2737990382
0.2823768403
0.2911408946
0.3000540340
0.3090817444
0.3181666541
0.3272694583
0.3363525432
0.3453814842
0.3543193626
0.3631276276
0.3717704668
0.3802121750
0.3884183867
0.3963220350
0.4039121107
0.4111614236
0.4180388158
0.4245224511
0.4305952889
0.4362463389
0.4414771717
0.4462874208
0.4506796906
0.4546229798
0.4581759335
0.4613712824
0.4642361528
0.4668002426
0.4690961943
0.4711578705
0.4730136708
0.4746998424
0.4762582234
0.4777264503
0.4791501340
0.4805650839
0.4819998887
0.4834818150
0.4850346700
0.4866751174
0.4884129049
0.4902493550
0.4921778825
0.4941867684
0.4962440945
0.4983197637
0.5003829477
0.5023956749
0.5043229767
0.5061331059
0.5077996136
0.5093033963
0.5106334702
0.5117748171
0.5127478348
0.5135752879
0.5142789974
0.5148816687
0.5154032383
0.5158565025
0.5162514524
0.5165879288
0.5168623679
0.5170465115
0.5171037787
0.5170109553
0.5167354362
0.5162549541
0.5155533335
0.5146228178
0.5134660300
0.5120942244
0.5105249169
0.5087811980
0.5068953175
0.5049185975
0.5028829554
0.5008208962
0.4987484535
0.4966771190
0.4946096117
0.4925380088
0.4904516834
0.4883302560
0.4861429356
0.4838810146
0.4815196342
0.4790472735
0.4764526990
0.4737313044
0.4708863865
0.4679257947
0.4648627049
0.4617125917
0.4584927764
0.4552304347
0.4519442344
0.4486535707
0.4453759103
0.4421270936
0.4389214955
0.4357713995
0.4326878268
0.4296832781
0.4267746914
0.4239587169
0.4212414689
0.4186271478
0.4161182894
0.4137152277
0.4114188585
0.4092229320
0.4071183388
0.4050953841
0.4031504493
0.4012611457
0.3994133377
0.3975939693
0.3957911567
0.3939942258
0.3921957372
0.3903893339
0.3885738663
0.3867501639
0.3849228443
0.3830937089
0.3812724701
0.3794699475
0.3776998784
0.3759780708
0.3743250460
0.3727672191
0.3713305567
0.3700449380
0.3689615095
0.3681098080
0.3675144705
0.3672020893
0.3671920413
0.3675100216
0.3681660388
0.3691594276
0.3704847050
0.3721287216
0.3740930537
0.3763379452
0.3788077460
0.3814855396
0.3843294339
0.3873044507
0.3903790658
0.3935250975
0.3967186196
0.3999406578
0.4031824346
0.4064355766
0.4096949927
0.4129664032
0.4162604967
0.4195922179
0.4229798842
0.4264450598
0.4300141050
0.4337005590
0.4375360340
0.4415477362
0.4457400789
0.4501251175
0.4547114358
0.4595086107
0.4645155668
0.4697289078
0.4751470469
0.4807640853
0.4865760652
0.4925746289
0.4987318430
0.5050310921
0.5114490270
0.5179650977
0.5245575716
0.5312029478
0.5378805178
0.5445721607
0.5512674130
0.5579467739
0.5646070157
0.5712466472
0.5778657386
0.5844718923
0.5910742761
0.5976869440
0.6043214168
0.6109890167
0.6177043110
0.6244874051
0.6313418690
0.6382723204
0.6452756332
0.6523415830
0.6594503040
0.6665749612
0.6736809405
0.6807266321
0.6876672174
0.6944267695
0.7009713259
0.7072596367
0.7132584986
0.7189446990
0.7243031609
0.7293293602
0.7340272575
0.7384159201
0.7425079238
0.7462772421
0.7497710064
0.7529955462
0.7559425373
0.7585935444
0.7609201925
0.7628890933
0.7644364873
0.7654979617
0.7660075572
0.7658337354
0.7649384246
0.7632749370
0.7608023378
0.7574730775
0.7532635072
0.7481827637
0.7422567873
0.7355190909
0.7280211794
0.7197933081
0.7109261238
0.7015037318
0.6915781744
0.6812125475
0.6704578727
0.6593481366
0.6479189530
0.6362005856
0.6242049778
0.6119317269
0.5994002265
0.5866403569
0.5736745574
0.5605227349
0.5472208348
0.5337853015
0.5202377184
0.5066043667
0.4929112891
0.4791801969
0.4654376207
0.4517165472
0.4380452376
0.4244298873
0.4108887162
0.3974391591
0.3840978333
0.3708831948
0.3578100638
0.3448994636
0.3321615283
0.3195966019
0.3072115905
0.2950121540
0.2830031237
0.2711902680
0.2595856056
0.2481906158
0.2370036785
0.2260337392
0.2152920887
0.2047695184
0.1944669072
0.1843843771
0.1745287395
0.1648891768
0.1554618450
0.1462461745
0.1372435458
0.1284614834
0.1199221040
0.1116208772
0.1035730670
0.0957923622
0.0882891774
0.0810776752
0.0741710065
0.0675808804
0.0613155995
0.0553851608
0.0498267241
0.0446154681
0.0397426303
0.0352045894
0.0309954692
0.0271063657
0.0235259423
0.0202433448
0.0172458713
0.0145224182
0.0120808825
0.0098719706
0.0078769771
0.0060774728
0.0044558456
0.0029981941
0.0016894417
0.0005170124
-0.0005302332
-0.0014662774
-0.0022912388
-0.0030265944
-0.0036772376
-0.0042474956
-0.0047418359
-0.0051642866
-0.0055164772
-0.0058069332
-0.0060433580
-0.0062288261
-0.0063542280
-0.0064324901
-0.0064718174
-0.0064775102
-0.0064546680
-0.0064103546
-0.0063526870
-0.0062772809
-0.0061870509
-0.0060839247
-0.0059650889
-0.0058338516
-0.0056942869
-0.0055472434
-0.0053897278
-0.0052202727
-0.0050388787
-0.0048457488
-0.0046414244
-0.0044281339
-0.0042057977
-0.0039766308
-0.0037420577
-0.0035049170
-0.0032674931
-0.0030320221
-0.0028009969
-0.0025774571
-0.0023635533
-0.0021581963
-0.0019618756
-0.0017761736
-0.0016021580
-0.0014401761
-0.0012915763
-0.0011561536
-0.0010333180
-0.0009215618
-0.0008206182
-0.0007301059
-0.0006492889
-0.0005778722
-0.0005150938
-0.0004600984
-0.0004110339
-0.0003668743
-0.0003269817
-0.0002907076
-0.0002576084
-0.0002275742
-0.0001997221
-0.0001733462
-0.0001484289
-0.0001248972
-0.0001027491
-0.0000820397
-0.0000630720
-0.0000457855
-0.0000302895
-0.0000165959
-0.0000048326
0.0000048572
0.0000125036
0.0000181450
0.0000219582
0.0000240732
0.0000247888
0.0000243504
0.0000229749
0.0000209416
0.0000185099
0.0000159585
0.0000134122
0.0000109903
0.0000087946
0.0000068719
0.0000052210
0.0000038685
0.0000027995
0.0000019722
0.0000013486
0.0000009103
0.0000005962
0.0000003764
