0.0000021559
0.0000034249
0.0000053315
0.0000081557
0.0000124579
0.0000187152
0.0000276100
0.0000400509
0.0000570743
0.0000798570
0.0001099726
0.0001491657
0.0001993307
0.0002627707
0.0003444982
0.0004457998
0.0005694782
0.0007186009
0.0008969284
0.0011083049
0.0013564022
0.0016475987
0.0019878582
0.0023821285
0.0028431557
0.0033757388
0.0039883132
0.0046901245
0.0054932884
0.0064133914
0.0074587711
0.0086416986
0.0099733644
0.0114661657
0.0131456316
0.0150132513
0.0170792367
0.0193455997
0.0218159410
0.0244931940
0.0273787465
0.0304739312
0.0337769672
0.0372901566
0.0410224762
0.0449581450
0.0490819780
0.0533824277
0.0578503211
0.0624730966
0.0672365383
0.0721264048
0.0771172842
0.0821869736
0.0873131709
0.0924626262
0.0976057961
0.1027174408
0.1077722144
0.1127434001
0.1176084850
0.1223484052
0.1269477303
0.1313938382
0.1356704949
0.1397767517
0.1437224359
0.1475159235
0.1511668904
0.1546874209
0.1580914683
0.1613943405
0.1646094762
0.1677533342
0.1708501537
0.1739210197
0.1769853940
0.1800623627
0.1831714530
0.1863321224
0.1895619380
0.1928827016
0.1963131190
0.1998706184
0.2035757240
0.2074568664
0.2115171044
0.2157730645
0.2202418559
0.2249341012
0.2298654472
0.2350500334
0.2405012917
0.2462313970
0.2522485209
0.2586009004
0.2652509097
0.2721921298
0.2794168056
0.2869111618
0.2946550604
0.3026215624
0.3107794638
0.3191016434
0.3275523186
0.3361019971
0.3446990953
0.3533092840
0.3618987970
0.3704328869
0.3788811213
0.3872159484
0.3954077314
0.4034269290
0.4112427113
0.4187911168
0.4260639329
0.4330350610
0.4396831565
0.4459855039
0.4519244159
0.4574875214
0.4626623339
0.4674512739
0.4718666946
0.4758948874
0.4795845482
0.4829715505
0.4860871951
0.4889657747
0.4916430248
0.4941568416
0.4965530692
0.4988713180
0.5011462719
0.5034159391
0.5057253711
0.5081088320
0.5105971797
0.5132127151
0.5159690871
0.5188729862
0.5219223190
0.5251066480
0.5284062649
0.5317964930
0.5352309674
0.5386564057
0.5420211163
0.5452785175
0.5483819949
0.5512897059
0.5539671760
0.5563891960
0.5585418859
0.5604094519
0.5619975335
0.5633499024
0.5644936320
0.5654576998
0.5662702230
0.5669569591
0.5675322243
0.5680030987
0.5683615038
0.5685933472
0.5686754411
0.5685926669
0.5683261867
0.5678548302
0.5671644225
0.5662490468
0.5651109026
0.5637619878
0.5622245573
0.5605182333
0.5586706343
0.5567194056
0.5546863601
0.5525813660
0.5504164423
0.5481923058
0.5459025653
0.5435369861
0.5410762259
0.5384975250
0.5357694140
0.5328776393
0.5298177871
0.5265831857
0.5231796607
0.5196197403
0.5159208230
0.5121070073
0.5082060312
0.5042483681
0.5002663824
0.4962975864
0.4923686131
0.4885002582
0.4847094366
0.4810087485
0.4774066569
0.4739087958
0.4705180330
0.4672328495
0.4640695258
0.4610152998
0.4580693639
0.4552313552
0.4525006243
0.4498761884
0.4473533974
0.4449311981
0.4426076343
0.4403776670
0.4382416312
0.4361827330
0.4341920648
0.4322623213
0.4303869615
0.4285609924
0.4267794863
0.4250400030
0.4233385090
0.4216725043
0.4200427310
0.4184524248
0.4169020591
0.4153964733
0.4139432369
0.4125543756
0.4112444274
0.4100296136
0.4089340403
0.4079845829
0.4072302158
0.4066997104
0.4064182401
0.4064172597
0.4067272789
0.4073617504
0.4083370607
0.4096661765
0.4113521843
0.4133912754
0.4157946599
0.4185318817
0.4215707116
0.4248655153
0.4283921572
0.4321186666
0.4360111990
0.4400365400
0.4441634281
0.4483638829
0.4526120562
0.4568890820
0.4611891396
0.4655119851
0.4698640963
0.4742580299
0.4787114331
0.4832448781
0.4878777287
0.4926430333
0.4975707320
0.5026887073
0.5080007325
0.5135166979
0.5192413859
0.5251701431
0.5313009770
0.5376268665
0.5441323478
0.5508003356
0.5576172485
0.5645660215
0.5716069016
0.5787146660
0.5858689849
0.5930462413
0.6002250823
0.6073886935
0.6145219241
0.6216130360
0.6286483057
0.6356272760
0.6425561141
0.6494419159
0.6562970533
0.6631321346
0.6699607880
0.6767950649
0.6836514778
0.6905471307
0.6974959769
0.7045162478
0.7116063409
0.7187638411
0.7259804354
0.7332390556
0.7405150568
0.7477733096
0.7549701005
0.7620548629
0.7689703081
0.7756226962
0.7819775778
0.7879868594
0.7936106620
0.7988189275
0.8035947278
0.8079314451
0.8118326394
0.8153016193
0.8183579381
0.8209935570
0.8232606880
0.8251787043
0.8267565654
0.8279948834
0.8288850388
0.8294051504
0.8295478482
0.8292943156
0.8286200461
0.8274504091
0.8258025629
0.8236829628
0.8210833106
0.8180237199
0.8145237741
0.8105936892
0.8062488587
0.8015162869
0.7964202295
0.7909379444
0.7851343735
0.7790529054
0.7727221898
0.7661497611
0.7593436193
0.7523168008
0.7450693879
0.7375970576
0.7299063020
0.7219772021
0.7138150997
0.7054282449
0.6968113035
0.6879656290
0.6788807522
0.6695694470
0.6600422376
0.6503067861
0.6403717627
0.6302389897
0.6199220637
0.6094348504
0.5987814830
0.5879882032
0.5770695310
0.5660410799
0.5549192887
0.5437181710
0.5324539664
0.5211408782
0.5098021789
0.4984493488
0.4870920830
0.4757385461
0.4643958136
0.4530689604
0.4417564309
0.4304672128
0.4192134064
0.4080054304
0.3968563003
0.3857588535
0.3747157784
0.3637282572
0.3527892748
0.3419091076
0.3310921608
0.3203421920
0.3096650379
0.2990727195
0.2885904561
0.2782185290
0.2679715619
0.2578682971
0.2479317343
0.2381805950
0.2286327285
0.2193044302
0.2102115726
0.2013699273
0.1928204472
0.1845300869
0.1765107675
0.1687645395
0.1612910579
0.1540884789
0.1471530606
0.1404765417
0.1340488829
0.1278553633
0.1219132563
0.1161812340
0.1106465195
0.1052979611
0.1001250583
0.0951157221
0.0902616926
0.0855552578
0.0809905650
0.0765679934
0.0723028492
0.0681865037
0.0642165683
0.0603953650
0.0567263147
0.0532126683
0.0498548968
0.0466594185
0.0436304358
0.0407658354
0.0380684036
0.0355261902
0.0331310075
0.0308766655
0.0287564221
0.0267655893
0.0249010166
0.0231478650
0.0214996512
0.0199501136
0.0184976853
0.0171347297
0.0158569582
0.0146617615
0.0135431744
0.0124969886
0.0115204538
0.0106107996
0.0097652040
0.0089820284
0.0082610851
0.0075973021
0.0069830930
0.0064155994
0.0058913965
0.0054071608
0.0049601138
0.0045484181
0.0041698123
0.0038192913
0.0034946619
0.0031941350
0.0029153760
0.0026567064
0.0024177584
0.0021969021
0.0019924057
0.0018018997
0.0016245354
0.0014596247
0.0013064912
0.0011651914
0.0010352680
0.0009164310
0.0008074404
0.0007078725
0.0006176307
0.0005365028
0.0004643453
0.0004011893
0.0003463132
0.0002990632
0.0002584699
0.0002239154
0.0001947535
0.0001703239
0.0001501725
0.0001334718
0.0001195849
0.0001078294
0.0000977016
0.0000887126
0.0000805473
0.0000729901
0.0000658203
0.0000589841
0.0000523589
0.0000459503
0.0000398404
0.0000340679
0.0000286863
0.0000237606
0.0000193704
0.0000155396
0.0000122501
0.0000094855
0.0000072320
0.0000054136
0.0000039715
0.0000028595
0.0000020229
0.0000014234
0.0000009872
0.0000006756
